{
  "schemaVersion": 2,
  "versionLabel": "26.1.2",
  "officialJvmName": "net.minecraft.client.model.animal.fish.PufferfishMidModel",
  "extractionStatus": "reference_java",
  "factoryMethod": "createBodyLayer",
  "meshHostJvmName": "net.minecraft.client.model.animal.fish.PufferfishMidModel",
  "roots": [{
  "id": "root",
  "pose": {
  "translation": [0.000000000, 0.000000000, 0.000000000],
  "rotationEulerRad": [0.000000000, 0.000000000, 0.000000000],
  "eulerOrder": "XYZ"
}
,
  "worldPose": {
  "translation": [0.000000000, 0.000000000, 0.000000000],
  "eulerOrder": "XYZ"
}
,
  "cuboids": [],
  "children": [{
  "id": "left_blue_fin",
  "pose": {
  "translation": [2.500000000, 18.00000000, -1.500000000],
  "rotationEulerRad": [0.000000000, 0.000000000, 0.000000000],
  "eulerOrder": "XYZ"
}
,
  "worldPose": {
  "translation": [2.500000000, 18.00000000, -1.500000000],
  "eulerOrder": "XYZ"
}
,
  "cuboids": [{
  "from": [0.000000000, 0.000000000, 0.000000000],
  "to": [2.000000000, 0.000000000, 2.000000000],
  "uvOrigin": [0, 0],
  "liftKind": "reference_java"
}
],
  "children": []
}
,{
  "id": "top_back_fin",
  "pose": {
  "translation": [0.000000000, 17.00000000, 2.500000000],
  "rotationEulerRad": [-0.7853981853, 0.000000000, 0.000000000],
  "eulerOrder": "XYZ"
}
,
  "worldPose": {
  "translation": [0.000000000, 17.00000000, 2.500000000],
  "eulerOrder": "XYZ"
}
,
  "cuboids": [{
  "from": [-2.500000000, -1.000000000, 0.000000000],
  "to": [2.500000000, 0.000000000, 0.000000000],
  "uvOrigin": [0, 0],
  "liftKind": "reference_java"
}
],
  "children": []
}
,{
  "id": "left_back_fin",
  "pose": {
  "translation": [2.500000000, 22.00000000, 2.500000000],
  "rotationEulerRad": [0.000000000, -0.7853981853, 0.000000000],
  "eulerOrder": "XYZ"
}
,
  "worldPose": {
  "translation": [2.500000000, 22.00000000, 2.500000000],
  "eulerOrder": "XYZ"
}
,
  "cuboids": [{
  "from": [0.000000000, -5.000000000, 0.000000000],
  "to": [1.000000000, 0.000000000, 0.000000000],
  "uvOrigin": [0, 0],
  "liftKind": "reference_java"
}
],
  "children": []
}
,{
  "id": "left_front_fin",
  "pose": {
  "translation": [2.500000000, 22.00000000, -2.500000000],
  "rotationEulerRad": [0.000000000, 0.7853981853, 0.000000000],
  "eulerOrder": "XYZ"
}
,
  "worldPose": {
  "translation": [2.500000000, 22.00000000, -2.500000000],
  "eulerOrder": "XYZ"
}
,
  "cuboids": [{
  "from": [0.000000000, -5.000000000, 0.000000000],
  "to": [1.000000000, 0.000000000, 0.000000000],
  "uvOrigin": [0, 0],
  "liftKind": "reference_java"
}
],
  "children": []
}
,{
  "id": "bottom_front_fin",
  "pose": {
  "translation": [0.000000000, 22.00000000, -2.500000000],
  "rotationEulerRad": [-0.7853981853, 0.000000000, 0.000000000],
  "eulerOrder": "XYZ"
}
,
  "worldPose": {
  "translation": [0.000000000, 22.00000000, -2.500000000],
  "eulerOrder": "XYZ"
}
,
  "cuboids": [{
  "from": [-2.500000000, 0.000000000, 0.000000000],
  "to": [2.500000000, 1.000000000, 1.000000000],
  "uvOrigin": [0, 0],
  "liftKind": "reference_java"
}
],
  "children": []
}
,{
  "id": "right_front_fin",
  "pose": {
  "translation": [-2.500000000, 22.00000000, -2.500000000],
  "rotationEulerRad": [0.000000000, -0.7853981853, 0.000000000],
  "eulerOrder": "XYZ"
}
,
  "worldPose": {
  "translation": [-2.500000000, 22.00000000, -2.500000000],
  "eulerOrder": "XYZ"
}
,
  "cuboids": [{
  "from": [-1.000000000, -5.000000000, 0.000000000],
  "to": [0.000000000, 0.000000000, 0.000000000],
  "uvOrigin": [0, 0],
  "liftKind": "reference_java"
}
],
  "children": []
}
,{
  "id": "right_back_fin",
  "pose": {
  "translation": [-2.500000000, 22.00000000, 2.500000000],
  "rotationEulerRad": [0.000000000, 0.7853981853, 0.000000000],
  "eulerOrder": "XYZ"
}
,
  "worldPose": {
  "translation": [-2.500000000, 22.00000000, 2.500000000],
  "eulerOrder": "XYZ"
}
,
  "cuboids": [{
  "from": [-1.000000000, -5.000000000, 0.000000000],
  "to": [0.000000000, 0.000000000, 0.000000000],
  "uvOrigin": [0, 0],
  "liftKind": "reference_java"
}
],
  "children": []
}
,{
  "id": "body",
  "pose": {
  "translation": [0.000000000, 22.00000000, 0.000000000],
  "rotationEulerRad": [0.000000000, 0.000000000, 0.000000000],
  "eulerOrder": "XYZ"
}
,
  "worldPose": {
  "translation": [0.000000000, 22.00000000, 0.000000000],
  "eulerOrder": "XYZ"
}
,
  "cuboids": [{
  "from": [-2.500000000, -5.000000000, -2.500000000],
  "to": [2.500000000, 0.000000000, 2.500000000],
  "uvOrigin": [0, 0],
  "liftKind": "reference_java"
}
],
  "children": []
}
,{
  "id": "top_front_fin",
  "pose": {
  "translation": [0.000000000, 17.00000000, -2.500000000],
  "rotationEulerRad": [0.7853981853, 0.000000000, 0.000000000],
  "eulerOrder": "XYZ"
}
,
  "worldPose": {
  "translation": [0.000000000, 17.00000000, -2.500000000],
  "eulerOrder": "XYZ"
}
,
  "cuboids": [{
  "from": [-2.500000000, -1.000000000, 0.000000000],
  "to": [2.500000000, 0.000000000, 0.000000000],
  "uvOrigin": [0, 0],
  "liftKind": "reference_java"
}
],
  "children": []
}
,{
  "id": "bottom_back_fin",
  "pose": {
  "translation": [-2.500000000, 22.00000000, 2.500000000],
  "rotationEulerRad": [0.7853981853, 0.000000000, 0.000000000],
  "eulerOrder": "XYZ"
}
,
  "worldPose": {
  "translation": [-2.500000000, 22.00000000, 2.500000000],
  "eulerOrder": "XYZ"
}
,
  "cuboids": [{
  "from": [0.000000000, 0.000000000, 0.000000000],
  "to": [5.000000000, 1.000000000, 0.000000000],
  "uvOrigin": [0, 0],
  "liftKind": "reference_java"
}
],
  "children": []
}
,{
  "id": "right_blue_fin",
  "pose": {
  "translation": [-2.500000000, 18.00000000, -1.500000000],
  "rotationEulerRad": [0.000000000, 0.000000000, 0.000000000],
  "eulerOrder": "XYZ"
}
,
  "worldPose": {
  "translation": [-2.500000000, 18.00000000, -1.500000000],
  "eulerOrder": "XYZ"
}
,
  "cuboids": [{
  "from": [-2.000000000, 0.000000000, 0.000000000],
  "to": [0.000000000, 0.000000000, 2.000000000],
  "uvOrigin": [0, 0],
  "liftKind": "reference_java"
}
],
  "children": []
}
]
}
],
  "renderCuboidCenters": [{
  "partId": "left_blue_fin",
  "renderCenterTexel": [3.500000000, 18.00000000, -0.5000000000]
}
,{
  "partId": "top_back_fin",
  "renderCenterTexel": [0.000000000, 16.64644623, 2.853553295]
}
,{
  "partId": "left_back_fin",
  "renderCenterTexel": [2.853553295, 19.50000000, 2.853553295]
}
,{
  "partId": "left_front_fin",
  "renderCenterTexel": [2.853553295, 19.50000000, -2.853553295]
}
,{
  "partId": "bottom_front_fin",
  "renderCenterTexel": [0.000000000, 22.70710754, -2.500000000]
}
,{
  "partId": "right_front_fin",
  "renderCenterTexel": [-2.853553295, 19.50000000, -2.853553295]
}
,{
  "partId": "right_back_fin",
  "renderCenterTexel": [-2.853553295, 19.50000000, 2.853553295]
}
,{
  "partId": "body",
  "renderCenterTexel": [0.000000000, 19.50000000, 0.000000000]
}
,{
  "partId": "top_front_fin",
  "renderCenterTexel": [0.000000000, 16.64644623, -2.853553295]
}
,{
  "partId": "bottom_back_fin",
  "renderCenterTexel": [0.000000000, 22.35355377, 2.853553295]
}
,{
  "partId": "right_blue_fin",
  "renderCenterTexel": [-3.500000000, 18.00000000, -0.5000000000]
}

  ],
  "renderPartAffines": [{
  "id": "left_blue_fin",
  "matrixRowMajor": [
    [1.000000000, 0.000000000, 0.000000000, 0.000000000],
    [0.000000000, 1.000000000, 0.000000000, 0.000000000],
    [0.000000000, 0.000000000, 1.000000000, 0.000000000],
    [0.1562500000, 1.125000000, -0.09375000000, 1.000000000]
  ]
}
,{
  "id": "top_back_fin",
  "matrixRowMajor": [
    [1.000000000, 0.000000000, -0.000000000, 0.000000000],
    [-0.000000000, 0.7071067095, -0.7071068287, 0.000000000],
    [0.000000000, 0.7071068287, 0.7071067095, 0.000000000],
    [0.000000000, 1.062500000, 0.1562500000, 1.000000000]
  ]
}
,{
  "id": "left_back_fin",
  "matrixRowMajor": [
    [0.7071067095, 0.000000000, 0.7071068287, 0.000000000],
    [-0.000000000, 1.000000000, 0.000000000, 0.000000000],
    [-0.7071068287, -0.000000000, 0.7071067095, 0.000000000],
    [0.1562500000, 1.375000000, 0.1562500000, 1.000000000]
  ]
}
,{
  "id": "left_front_fin",
  "matrixRowMajor": [
    [0.7071067095, 0.000000000, -0.7071068287, 0.000000000],
    [0.000000000, 1.000000000, 0.000000000, 0.000000000],
    [0.7071068287, 0.000000000, 0.7071067095, 0.000000000],
    [0.1562500000, 1.375000000, -0.1562500000, 1.000000000]
  ]
}
,{
  "id": "bottom_front_fin",
  "matrixRowMajor": [
    [1.000000000, 0.000000000, -0.000000000, 0.000000000],
    [-0.000000000, 0.7071067095, -0.7071068287, 0.000000000],
    [0.000000000, 0.7071068287, 0.7071067095, 0.000000000],
    [0.000000000, 1.375000000, -0.1562500000, 1.000000000]
  ]
}
,{
  "id": "right_front_fin",
  "matrixRowMajor": [
    [0.7071067095, 0.000000000, 0.7071068287, 0.000000000],
    [-0.000000000, 1.000000000, 0.000000000, 0.000000000],
    [-0.7071068287, -0.000000000, 0.7071067095, 0.000000000],
    [-0.1562500000, 1.375000000, -0.1562500000, 1.000000000]
  ]
}
,{
  "id": "right_back_fin",
  "matrixRowMajor": [
    [0.7071067095, 0.000000000, -0.7071068287, 0.000000000],
    [0.000000000, 1.000000000, 0.000000000, 0.000000000],
    [0.7071068287, 0.000000000, 0.7071067095, 0.000000000],
    [-0.1562500000, 1.375000000, 0.1562500000, 1.000000000]
  ]
}
,{
  "id": "body",
  "matrixRowMajor": [
    [1.000000000, 0.000000000, 0.000000000, 0.000000000],
    [0.000000000, 1.000000000, 0.000000000, 0.000000000],
    [0.000000000, 0.000000000, 1.000000000, 0.000000000],
    [0.000000000, 1.375000000, 0.000000000, 1.000000000]
  ]
}
,{
  "id": "top_front_fin",
  "matrixRowMajor": [
    [1.000000000, 0.000000000, 0.000000000, 0.000000000],
    [0.000000000, 0.7071067095, 0.7071068287, 0.000000000],
    [0.000000000, -0.7071068287, 0.7071067095, 0.000000000],
    [0.000000000, 1.062500000, -0.1562500000, 1.000000000]
  ]
}
,{
  "id": "bottom_back_fin",
  "matrixRowMajor": [
    [1.000000000, 0.000000000, 0.000000000, 0.000000000],
    [0.000000000, 0.7071067095, 0.7071068287, 0.000000000],
    [0.000000000, -0.7071068287, 0.7071067095, 0.000000000],
    [-0.1562500000, 1.375000000, 0.1562500000, 1.000000000]
  ]
}
,{
  "id": "right_blue_fin",
  "matrixRowMajor": [
    [1.000000000, 0.000000000, 0.000000000, 0.000000000],
    [0.000000000, 1.000000000, 0.000000000, 0.000000000],
    [0.000000000, 0.000000000, 1.000000000, 0.000000000],
    [-0.1562500000, 1.125000000, -0.09375000000, 1.000000000]
  ]
}

  ]
}
