{
  "schemaVersion": 2,
  "versionLabel": "26.1.2",
  "officialJvmName": "net.minecraft.client.model.animal.rabbit.BabyRabbitModel",
  "extractionStatus": "reference_java",
  "factoryMethod": "createBodyLayer",
  "meshHostJvmName": "net.minecraft.client.model.animal.rabbit.BabyRabbitModel",
  "roots": [{
  "id": "root",
  "pose": {
  "translation": [0.000000000, 0.000000000, 0.000000000],
  "rotationEulerRad": [0.000000000, 0.000000000, 0.000000000],
  "eulerOrder": "XYZ"
}
,
  "worldPose": {
  "translation": [0.000000000, 0.000000000, 0.000000000],
  "eulerOrder": "XYZ"
}
,
  "cuboids": [],
  "children": [{
  "id": "backlegs",
  "pose": {
  "translation": [0.000000000, 23.00000000, 2.000000000],
  "rotationEulerRad": [0.000000000, 0.000000000, 0.000000000],
  "eulerOrder": "XYZ"
}
,
  "worldPose": {
  "translation": [0.000000000, 23.00000000, 2.000000000],
  "eulerOrder": "XYZ"
}
,
  "cuboids": [],
  "children": [{
  "id": "right_hind_leg",
  "pose": {
  "translation": [-1.500000000, 0.5000000000, 0.5000000000],
  "rotationEulerRad": [0.000000000, 3.141599894, 0.000000000],
  "eulerOrder": "XYZ"
}
,
  "worldPose": {
  "translation": [-1.500014424, 23.50000000, -1.500000000],
  "eulerOrder": "XYZ"
}
,
  "cuboids": [],
  "children": [{
  "id": "right_haunch",
  "pose": {
  "translation": [0.5000000000, 0.000000000, -0.8999999762],
  "rotationEulerRad": [0.000000000, 0.7853999734, 0.000000000],
  "eulerOrder": "XYZ"
}
,
  "worldPose": {
  "translation": [-1.621330738, 23.50000000, -0.8999859095],
  "eulerOrder": "XYZ"
}
,
  "cuboids": [{
  "from": [-2.000000000, -0.5000000000, 0.000000000],
  "to": [0.000000000, 0.5000000000, 3.000000000],
  "uvOrigin": [0, 0],
  "liftKind": "reference_java"
}
],
  "children": []
}
]
}
,{
  "id": "left_hind_leg",
  "pose": {
  "translation": [1.500000000, 0.5000000000, 0.5000000000],
  "rotationEulerRad": [0.000000000, 3.141599894, 0.000000000],
  "eulerOrder": "XYZ"
}
,
  "worldPose": {
  "translation": [1.499985576, 23.50000000, -1.500000000],
  "eulerOrder": "XYZ"
}
,
  "cuboids": [],
  "children": [{
  "id": "left_haunch",
  "pose": {
  "translation": [1.000000000, 0.000000000, 0.5000000000],
  "rotationEulerRad": [0.000000000, -0.7853999734, 0.000000000],
  "eulerOrder": "XYZ"
}
,
  "worldPose": {
  "translation": [3.121310234, 23.50000000, 0.4999936819],
  "eulerOrder": "XYZ"
}
,
  "cuboids": [{
  "from": [-2.000000000, -0.5000000000, 0.000000000],
  "to": [0.000000000, 0.5000000000, 3.000000000],
  "uvOrigin": [0, 0],
  "liftKind": "reference_java"
}
],
  "children": []
}
]
}
]
}
,{
  "id": "body",
  "pose": {
  "translation": [0.000000000, 23.00000000, 1.600000024],
  "rotationEulerRad": [0.000000000, 0.000000000, 0.000000000],
  "eulerOrder": "XYZ"
}
,
  "worldPose": {
  "translation": [0.000000000, 23.00000000, 1.600000024],
  "eulerOrder": "XYZ"
}
,
  "cuboids": [],
  "children": [{
  "id": "head",
  "pose": {
  "translation": [0.000000000, -5.000000000, -2.599999905],
  "rotationEulerRad": [0.000000000, 0.000000000, 0.000000000],
  "eulerOrder": "XYZ"
}
,
  "worldPose": {
  "translation": [0.000000000, 18.00000000, -0.9999998808],
  "eulerOrder": "XYZ"
}
,
  "cuboids": [{
  "from": [-2.500000000, -3.000000000, -3.000000000],
  "to": [2.500000000, 1.000000000, 1.000000000],
  "uvOrigin": [0, 0],
  "liftKind": "reference_java"
}
],
  "children": [{
  "id": "right_ear",
  "pose": {
  "translation": [-1.500000000, -3.500000000, -0.5000000000],
  "rotationEulerRad": [0.000000000, 0.000000000, 0.000000000],
  "eulerOrder": "XYZ"
}
,
  "worldPose": {
  "translation": [-1.500000000, 14.50000000, -1.499999881],
  "eulerOrder": "XYZ"
}
,
  "cuboids": [{
  "from": [-1.000000000, -3.500000000, -0.5000000000],
  "to": [1.000000000, 0.5000000000, 0.5000000000],
  "uvOrigin": [0, 0],
  "liftKind": "reference_java"
}
],
  "children": []
}
,{
  "id": "left_ear",
  "pose": {
  "translation": [1.500000000, -3.500000000, -0.5000000000],
  "rotationEulerRad": [0.000000000, 0.000000000, 0.000000000],
  "eulerOrder": "XYZ"
}
,
  "worldPose": {
  "translation": [1.500000000, 14.50000000, -1.499999881],
  "eulerOrder": "XYZ"
}
,
  "cuboids": [{
  "from": [-1.000000000, -3.500000000, -0.5000000000],
  "to": [1.000000000, 0.5000000000, 0.5000000000],
  "uvOrigin": [0, 0],
  "liftKind": "reference_java"
}
],
  "children": []
}
]
}
,{
  "id": "tail",
  "pose": {
  "translation": [0.000000000, -2.200000048, 2.000000000],
  "rotationEulerRad": [0.000000000, 0.000000000, 0.000000000],
  "eulerOrder": "XYZ"
}
,
  "worldPose": {
  "translation": [0.000000000, 20.79999924, 3.599999905],
  "eulerOrder": "XYZ"
}
,
  "cuboids": [],
  "children": [{
  "id": "tail_r1",
  "pose": {
  "translation": [-0.1000000015, 0.000000000, 0.000000000],
  "rotationEulerRad": [-0.5235999823, 0.000000000, 0.000000000],
  "eulerOrder": "XYZ"
}
,
  "worldPose": {
  "translation": [-0.1000000015, 19.81331825, -7.282332420],
  "eulerOrder": "XYZ"
}
,
  "cuboids": [{
  "from": [-1.399999976, -2.026799917, -1.017699957],
  "to": [1.600000024, 0.9732000828, 1.982300043],
  "uvOrigin": [0, 0],
  "liftKind": "reference_java"
}
],
  "children": []
}
]
}
,{
  "id": "frontlegs",
  "pose": {
  "translation": [0.000000000, -2.500000000, -2.599999905],
  "rotationEulerRad": [0.000000000, 0.000000000, 0.000000000],
  "eulerOrder": "XYZ"
}
,
  "worldPose": {
  "translation": [0.000000000, 20.50000000, -0.9999998808],
  "eulerOrder": "XYZ"
}
,
  "cuboids": [],
  "children": [{
  "id": "right_front_leg",
  "pose": {
  "translation": [-1.000000000, 1.000000000, -0.5000000000],
  "rotationEulerRad": [0.3926999867, 0.000000000, 0.000000000],
  "eulerOrder": "XYZ"
}
,
  "worldPose": {
  "translation": [-1.000000000, 20.32220840, 6.421148300],
  "eulerOrder": "XYZ"
}
,
  "cuboids": [],
  "children": [{
  "id": "right_front_leg_r1",
  "pose": {
  "translation": [0.000000000, 1.000000000, 0.000000000],
  "rotationEulerRad": [-0.3926999867, 0.000000000, 0.000000000],
  "eulerOrder": "XYZ"
}
,
  "worldPose": {
  "translation": [-1.000000000, 22.23253822, -1.844624043],
  "eulerOrder": "XYZ"
}
,
  "cuboids": [{
  "from": [-0.5000000000, -1.500000000, -0.5000000000],
  "to": [0.5000000000, 1.500000000, 0.5000000000],
  "uvOrigin": [0, 0],
  "liftKind": "reference_java"
}
],
  "children": []
}
]
}
,{
  "id": "left_front_leg",
  "pose": {
  "translation": [1.000000000, 1.000000000, -0.5000000000],
  "rotationEulerRad": [0.3926999867, 0.000000000, 0.000000000],
  "eulerOrder": "XYZ"
}
,
  "worldPose": {
  "translation": [1.000000000, 20.32220840, 6.421148300],
  "eulerOrder": "XYZ"
}
,
  "cuboids": [],
  "children": [{
  "id": "left_front_leg_r1",
  "pose": {
  "translation": [0.000000000, 1.000000000, 0.000000000],
  "rotationEulerRad": [-0.3926999867, 0.000000000, 0.000000000],
  "eulerOrder": "XYZ"
}
,
  "worldPose": {
  "translation": [1.000000000, 22.23253822, -1.844624043],
  "eulerOrder": "XYZ"
}
,
  "cuboids": [{
  "from": [-0.5000000000, -1.500000000, -0.5000000000],
  "to": [0.5000000000, 1.500000000, 0.5000000000],
  "uvOrigin": [0, 0],
  "liftKind": "reference_java"
}
],
  "children": []
}
]
}
]
}
,{
  "id": "body_r1",
  "pose": {
  "translation": [0.000000000, -2.000000000, -1.600000024],
  "rotationEulerRad": [-0.5235999823, 0.000000000, 0.000000000],
  "eulerOrder": "XYZ"
}
,
  "worldPose": {
  "translation": [0.000000000, 18.71857071, -11.71438599],
  "eulerOrder": "XYZ"
}
,
  "cuboids": [{
  "from": [-2.000000000, -2.000000000, -3.000000000],
  "to": [2.000000000, 1.000000000, 3.000000000],
  "uvOrigin": [0, 0],
  "liftKind": "reference_java"
}
],
  "children": []
}
]
}
]
}
],
  "renderCuboidCenters": [{
  "partId": "right_haunch",
  "renderCenterTexel": [-2.353556633, 23.50000000, 1.632233858]
}
,{
  "partId": "left_haunch",
  "renderCenterTexel": [2.267767668, 23.50000000, 1.646449804]
}
,{
  "partId": "head",
  "renderCenterTexel": [0.000000000, 17.00000000, -1.999999881]
}
,{
  "partId": "right_ear",
  "renderCenterTexel": [-1.500000000, 13.00000000, -1.499999881]
}
,{
  "partId": "left_ear",
  "renderCenterTexel": [1.500000000, 13.00000000, -1.499999881]
}
,{
  "partId": "tail_r1",
  "renderCenterTexel": [1.490116119e-08, 20.22567177, 4.024592876]
}
,{
  "partId": "right_front_leg_r1",
  "renderCenterTexel": [-1.000000000, 22.42387962, -1.117315531]
}
,{
  "partId": "left_front_leg_r1",
  "renderCenterTexel": [1.000000000, 22.42387962, -1.117315531]
}
,{
  "partId": "body_r1",
  "renderCenterTexel": [0.000000000, 20.56698799, 0.2500005364]
}

  ],
  "renderPartAffines": [{
  "id": "backlegs",
  "matrixRowMajor": [
    [1.000000000, 0.000000000, 0.000000000, 0.000000000],
    [0.000000000, 1.000000000, 0.000000000, 0.000000000],
    [0.000000000, 0.000000000, 1.000000000, 0.000000000],
    [0.000000000, 1.437500000, 0.1250000000, 1.000000000]
  ]
}
,{
  "id": "right_hind_leg",
  "matrixRowMajor": [
    [-1.000000000, -0.000000000, 0.000000000, 0.000000000],
    [0.000000000, 1.000000000, -0.000000000, 0.000000000],
    [0.000000000, 0.000000000, -1.000000000, 0.000000000],
    [-0.09375000000, 1.468750000, 0.1562500000, 1.000000000]
  ]
}
,{
  "id": "right_haunch",
  "matrixRowMajor": [
    [-0.7071055174, 0.000000000, 0.7071080804, 0.000000000],
    [0.000000000, 1.000000000, 0.000000000, 0.000000000],
    [-0.7071080804, 0.000000000, -0.7071055174, 0.000000000],
    [-0.1250000000, 1.468750000, 0.2125000060, 1.000000000]
  ]
}
,{
  "id": "left_hind_leg",
  "matrixRowMajor": [
    [-1.000000000, -0.000000000, 0.000000000, 0.000000000],
    [0.000000000, 1.000000000, -0.000000000, 0.000000000],
    [0.000000000, 0.000000000, -1.000000000, 0.000000000],
    [0.09375000000, 1.468750000, 0.1562500000, 1.000000000]
  ]
}
,{
  "id": "left_haunch",
  "matrixRowMajor": [
    [-0.7071055174, 0.000000000, -0.7071080804, 0.000000000],
    [0.000000000, 1.000000000, -0.000000000, 0.000000000],
    [0.7071080804, 0.000000000, -0.7071055174, 0.000000000],
    [0.03125000000, 1.468750000, 0.1250000000, 1.000000000]
  ]
}
,{
  "id": "body",
  "matrixRowMajor": [
    [1.000000000, 0.000000000, 0.000000000, 0.000000000],
    [0.000000000, 1.000000000, 0.000000000, 0.000000000],
    [0.000000000, 0.000000000, 1.000000000, 0.000000000],
    [0.000000000, 1.437500000, 0.1000000015, 1.000000000]
  ]
}
,{
  "id": "head",
  "matrixRowMajor": [
    [1.000000000, 0.000000000, 0.000000000, 0.000000000],
    [0.000000000, 1.000000000, 0.000000000, 0.000000000],
    [0.000000000, 0.000000000, 1.000000000, 0.000000000],
    [0.000000000, 1.125000000, -0.06249999255, 1.000000000]
  ]
}
,{
  "id": "right_ear",
  "matrixRowMajor": [
    [1.000000000, 0.000000000, 0.000000000, 0.000000000],
    [0.000000000, 1.000000000, 0.000000000, 0.000000000],
    [0.000000000, 0.000000000, 1.000000000, 0.000000000],
    [-0.09375000000, 0.9062500000, -0.09374999255, 1.000000000]
  ]
}
,{
  "id": "left_ear",
  "matrixRowMajor": [
    [1.000000000, 0.000000000, 0.000000000, 0.000000000],
    [0.000000000, 1.000000000, 0.000000000, 0.000000000],
    [0.000000000, 0.000000000, 1.000000000, 0.000000000],
    [0.09375000000, 0.9062500000, -0.09374999255, 1.000000000]
  ]
}
,{
  "id": "tail",
  "matrixRowMajor": [
    [0.9999999404, 0.000000000, 0.000000000, 0.000000000],
    [0.000000000, 0.8090168834, 0.5877852440, 0.000000000],
    [0.000000000, -0.5877852440, 0.8090168834, 0.000000000],
    [0.000000000, 1.299999952, 0.2249999940, 1.000000000]
  ]
}
,{
  "id": "tail_r1",
  "matrixRowMajor": [
    [0.9999998212, 0.000000000, 0.000000000, 0.000000000],
    [0.000000000, 0.9945218563, 0.1045272350, 0.000000000],
    [0.000000000, -0.1045272350, 0.9945218563, 0.000000000],
    [-0.006249999627, 1.299999952, 0.2249999940, 1.000000000]
  ]
}
,{
  "id": "frontlegs",
  "matrixRowMajor": [
    [1.000000000, 0.000000000, 0.000000000, 0.000000000],
    [0.000000000, 1.000000000, 0.000000000, 0.000000000],
    [0.000000000, 0.000000000, 1.000000000, 0.000000000],
    [0.000000000, 1.281250000, -0.06249999255, 1.000000000]
  ]
}
,{
  "id": "right_front_leg",
  "matrixRowMajor": [
    [1.000000000, 0.000000000, 0.000000000, 0.000000000],
    [0.000000000, 0.9238791466, 0.3826842904, 0.000000000],
    [0.000000000, -0.3826842904, 0.9238791466, 0.000000000],
    [-0.06250000000, 1.343750000, -0.09374999255, 1.000000000]
  ]
}
,{
  "id": "right_front_leg_r1",
  "matrixRowMajor": [
    [1.000000000, 0.000000000, 0.000000000, 0.000000000],
    [0.000000000, 1.000000000, 0.000000000, 0.000000000],
    [0.000000000, 0.000000000, 1.000000000, 0.000000000],
    [-0.06250000000, 1.401492476, -0.06983222067, 1.000000000]
  ]
}
,{
  "id": "left_front_leg",
  "matrixRowMajor": [
    [1.000000000, 0.000000000, 0.000000000, 0.000000000],
    [0.000000000, 0.9238791466, 0.3826842904, 0.000000000],
    [0.000000000, -0.3826842904, 0.9238791466, 0.000000000],
    [0.06250000000, 1.343750000, -0.09374999255, 1.000000000]
  ]
}
,{
  "id": "left_front_leg_r1",
  "matrixRowMajor": [
    [1.000000000, 0.000000000, 0.000000000, 0.000000000],
    [0.000000000, 1.000000000, 0.000000000, 0.000000000],
    [0.000000000, 0.000000000, 1.000000000, 0.000000000],
    [0.06250000000, 1.401492476, -0.06983222067, 1.000000000]
  ]
}
,{
  "id": "body_r1",
  "matrixRowMajor": [
    [0.9999998808, 0.000000000, -0.000000000, 0.000000000],
    [-0.000000000, 0.8660247326, -0.5000010729, 0.000000000],
    [0.000000000, 0.5000010729, 0.8660247326, 0.000000000],
    [0.000000000, 1.312500000, 0.000000000, 1.000000000]
  ]
}

  ]
}
