{
  "schemaVersion": 2,
  "versionLabel": "26.1.2",
  "officialJvmName": "net.minecraft.client.model.animal.goat.BabyGoatModel",
  "extractionStatus": "reference_java",
  "factoryMethod": "createBodyLayer",
  "meshHostJvmName": "net.minecraft.client.model.animal.goat.BabyGoatModel",
  "roots": [{
  "id": "root",
  "pose": {
  "translation": [0.000000000, 0.000000000, 0.000000000],
  "rotationEulerRad": [0.000000000, 0.000000000, 0.000000000],
  "eulerOrder": "XYZ"
}
,
  "worldPose": {
  "translation": [0.000000000, 0.000000000, 0.000000000],
  "eulerOrder": "XYZ"
}
,
  "cuboids": [],
  "children": [{
  "id": "head",
  "pose": {
  "translation": [0.000000000, 15.50000000, -3.000000000],
  "rotationEulerRad": [0.4363000095, 0.000000000, 0.000000000],
  "eulerOrder": "XYZ"
}
,
  "worldPose": {
  "translation": [0.000000000, 15.50000000, -3.000000000],
  "eulerOrder": "XYZ"
}
,
  "cuboids": [{
  "from": [-2.000000000, -3.812599897, -5.154799938],
  "to": [2.000000000, 0.1874001026, 0.8452000618],
  "uvOrigin": [0, 0],
  "liftKind": "reference_java"
}
],
  "children": [{
  "id": "right_horn",
  "pose": {
  "translation": [-1.500000000, -1.500000000, -1.000000000],
  "rotationEulerRad": [-0.3926990926, 0.000000000, 0.000000000],
  "eulerOrder": "XYZ"
}
,
  "worldPose": {
  "translation": [-1.500000000, 11.67208195, -9.703231812],
  "eulerOrder": "XYZ"
}
,
  "cuboids": [{
  "from": [0.000000000, -4.500000000, 0.000000000],
  "to": [1.000000000, -2.500000000, 1.000000000],
  "uvOrigin": [0, 0],
  "liftKind": "reference_java"
}
],
  "children": []
}
,{
  "id": "left_horn",
  "pose": {
  "translation": [-1.500000000, -1.500000000, -1.000000000],
  "rotationEulerRad": [-0.3926990926, 0.000000000, 0.000000000],
  "eulerOrder": "XYZ"
}
,
  "worldPose": {
  "translation": [-1.500000000, 11.67208195, -9.703231812],
  "eulerOrder": "XYZ"
}
,
  "cuboids": [{
  "from": [2.000000000, -4.500000000, 0.000000000],
  "to": [3.000000000, -2.500000000, 1.000000000],
  "uvOrigin": [0, 0],
  "liftKind": "reference_java"
}
],
  "children": []
}
,{
  "id": "HeadMain",
  "pose": {
  "translation": [0.000000000, -1.312600017, -1.154800057],
  "rotationEulerRad": [0.000000000, 0.000000000, 0.000000000],
  "eulerOrder": "XYZ"
}
,
  "worldPose": {
  "translation": [0.000000000, 14.18739986, -4.154799938],
  "eulerOrder": "XYZ"
}
,
  "cuboids": [{
  "from": [-2.000000000, -2.500000000, -4.000000000],
  "to": [2.000000000, 1.500000000, 2.000000000],
  "uvOrigin": [0, 0],
  "liftKind": "reference_java"
}
],
  "children": []
}
,{
  "id": "right_ear",
  "pose": {
  "translation": [-1.700000048, -2.312599897, 0.1451999992],
  "rotationEulerRad": [0.000000000, -0.5235999823, 0.000000000],
  "eulerOrder": "XYZ"
}
,
  "worldPose": {
  "translation": [-0.1999968290, 13.18739986, -2.452874422],
  "eulerOrder": "XYZ"
}
,
  "cuboids": [{
  "from": [-2.000000000, -0.5000000000, -0.5000000000],
  "to": [0.000000000, 0.5000000000, 0.5000000000],
  "uvOrigin": [0, 0],
  "liftKind": "reference_java"
}
],
  "children": []
}
,{
  "id": "left_ear",
  "pose": {
  "translation": [1.700000048, -2.312599897, 0.1451999992],
  "rotationEulerRad": [0.000000000, 0.5235999823, 0.000000000],
  "eulerOrder": "XYZ"
}
,
  "worldPose": {
  "translation": [0.1999968290, 13.18739986, -2.452874422],
  "eulerOrder": "XYZ"
}
,
  "cuboids": [{
  "from": [0.000000000, -0.5000000000, -0.5000000000],
  "to": [2.000000000, 0.5000000000, 0.5000000000],
  "uvOrigin": [0, 0],
  "liftKind": "reference_java"
}
],
  "children": []
}
]
}
,{
  "id": "right_front_leg",
  "pose": {
  "translation": [-1.500000000, 19.50000000, -2.000000000],
  "rotationEulerRad": [0.000000000, 0.000000000, 0.000000000],
  "eulerOrder": "XYZ"
}
,
  "worldPose": {
  "translation": [-1.500000000, 19.50000000, -2.000000000],
  "eulerOrder": "XYZ"
}
,
  "cuboids": [{
  "from": [-1.000000000, -0.5000000000, -1.000000000],
  "to": [1.000000000, 4.500000000, 1.000000000],
  "uvOrigin": [0, 0],
  "liftKind": "reference_java"
}
],
  "children": []
}
,{
  "id": "right_hind_leg",
  "pose": {
  "translation": [-1.500000000, 19.50000000, 3.000000000],
  "rotationEulerRad": [0.000000000, 0.000000000, 0.000000000],
  "eulerOrder": "XYZ"
}
,
  "worldPose": {
  "translation": [-1.500000000, 19.50000000, 3.000000000],
  "eulerOrder": "XYZ"
}
,
  "cuboids": [{
  "from": [-1.000000000, -0.5000000000, -1.000000000],
  "to": [1.000000000, 4.500000000, 1.000000000],
  "uvOrigin": [0, 0],
  "liftKind": "reference_java"
}
],
  "children": []
}
,{
  "id": "left_hind_leg",
  "pose": {
  "translation": [1.500000000, 19.50000000, 3.000000000],
  "rotationEulerRad": [0.000000000, 0.000000000, 0.000000000],
  "eulerOrder": "XYZ"
}
,
  "worldPose": {
  "translation": [1.500000000, 19.50000000, 3.000000000],
  "eulerOrder": "XYZ"
}
,
  "cuboids": [{
  "from": [-1.000000000, -0.5000000000, -1.000000000],
  "to": [1.000000000, 4.500000000, 1.000000000],
  "uvOrigin": [0, 0],
  "liftKind": "reference_java"
}
],
  "children": []
}
,{
  "id": "body",
  "pose": {
  "translation": [0.000000000, 17.79999924, 0.000000000],
  "rotationEulerRad": [0.000000000, 0.000000000, 0.000000000],
  "eulerOrder": "XYZ"
}
,
  "worldPose": {
  "translation": [0.000000000, 17.79999924, 0.000000000],
  "eulerOrder": "XYZ"
}
,
  "cuboids": [{
  "from": [-3.000000000, -2.299999952, -4.500000000],
  "to": [3.000000000, 2.700000048, 4.500000000],
  "uvOrigin": [0, 0],
  "liftKind": "reference_java"
}
,{
  "from": [-2.500000000, -2.200000048, -4.000000000],
  "to": [2.500000000, 1.799999952, 4.000000000],
  "uvOrigin": [0, 0],
  "liftKind": "reference_java"
}
],
  "children": []
}
,{
  "id": "left_front_leg",
  "pose": {
  "translation": [1.500000000, 19.50000000, -2.000000000],
  "rotationEulerRad": [0.000000000, 0.000000000, 0.000000000],
  "eulerOrder": "XYZ"
}
,
  "worldPose": {
  "translation": [1.500000000, 19.50000000, -2.000000000],
  "eulerOrder": "XYZ"
}
,
  "cuboids": [{
  "from": [-1.000000000, -0.5000000000, -1.000000000],
  "to": [1.000000000, 4.500000000, 1.000000000],
  "uvOrigin": [0, 0],
  "liftKind": "reference_java"
}
],
  "children": []
}
]
}
],
  "renderCuboidCenters": [{
  "partId": "head",
  "renderCenterTexel": [0.000000000, 14.76779652, -5.718925953]
}
,{
  "partId": "right_horn",
  "renderCenterTexel": [-1.000000000, 11.04464054, -4.193234921]
}
,{
  "partId": "left_horn",
  "renderCenterTexel": [0.9999997616, 11.04464054, -4.193234921]
}
,{
  "partId": "HeadMain",
  "renderCenterTexel": [0.000000000, 14.76779747, -5.718926907]
}
,{
  "partId": "right_ear",
  "renderCenterTexel": [-2.566024780, 13.55397606, -4.298842907]
}
,{
  "partId": "left_ear",
  "renderCenterTexel": [2.566024780, 13.55397606, -4.298842907]
}
,{
  "partId": "right_front_leg",
  "renderCenterTexel": [-1.500000000, 21.50000000, -2.000000000]
}
,{
  "partId": "right_hind_leg",
  "renderCenterTexel": [-1.500000000, 21.50000000, 3.000000000]
}
,{
  "partId": "left_hind_leg",
  "renderCenterTexel": [1.500000000, 21.50000000, 3.000000000]
}
,{
  "partId": "body",
  "renderCenterTexel": [0.000000000, 18.00000000, 0.000000000]
}
,{
  "partId": "body",
  "renderCenterTexel": [0.000000000, 17.59999847, 0.000000000]
}
,{
  "partId": "left_front_leg",
  "renderCenterTexel": [1.500000000, 21.50000000, -2.000000000]
}

  ],
  "renderPartAffines": [{
  "id": "head",
  "matrixRowMajor": [
    [1.000000000, 0.000000000, 0.000000000, 0.000000000],
    [0.000000000, 0.9063214660, 0.4225889742, 0.000000000],
    [0.000000000, -0.4225889742, 0.9063214660, 0.000000000],
    [0.000000000, 0.9687500000, -0.1875000000, 1.000000000]
  ]
}
,{
  "id": "right_horn",
  "matrixRowMajor": [
    [0.9999999404, 0.000000000, 0.000000000, 0.000000000],
    [0.000000000, 0.9990495443, 0.04358705878, 0.000000000],
    [0.000000000, -0.04358705878, 0.9990495443, 0.000000000],
    [-0.09375000000, 0.9101942182, -0.2837628126, 1.000000000]
  ]
}
,{
  "id": "left_horn",
  "matrixRowMajor": [
    [0.9999999404, 0.000000000, 0.000000000, 0.000000000],
    [0.000000000, 0.9990495443, 0.04358705878, 0.000000000],
    [0.000000000, -0.04358705878, 0.9990495443, 0.000000000],
    [-0.09375000000, 0.9101942182, -0.2837628126, 1.000000000]
  ]
}
,{
  "id": "HeadMain",
  "matrixRowMajor": [
    [1.000000000, 0.000000000, 0.000000000, 0.000000000],
    [0.000000000, 0.9063214660, 0.4225889742, 0.000000000],
    [0.000000000, -0.4225889742, 0.9063214660, 0.000000000],
    [0.000000000, 0.9248980284, -0.2875819206, 1.000000000]
  ]
}
,{
  "id": "right_ear",
  "matrixRowMajor": [
    [0.8660247326, -0.2112949342, 0.4531617165, 0.000000000],
    [0.000000000, 0.9063213468, 0.4225889146, 0.000000000],
    [-0.5000010729, -0.3659724891, 0.7848967910, 0.000000000],
    [-0.1062500030, 0.8339175582, -0.2403550744, 1.000000000]
  ]
}
,{
  "id": "left_ear",
  "matrixRowMajor": [
    [0.8660247326, 0.2112949342, -0.4531617165, 0.000000000],
    [0.000000000, 0.9063213468, 0.4225889146, 0.000000000],
    [0.5000010729, -0.3659724891, 0.7848967910, 0.000000000],
    [0.1062500030, 0.8339175582, -0.2403550744, 1.000000000]
  ]
}
,{
  "id": "right_front_leg",
  "matrixRowMajor": [
    [1.000000000, 0.000000000, 0.000000000, 0.000000000],
    [0.000000000, 1.000000000, 0.000000000, 0.000000000],
    [0.000000000, 0.000000000, 1.000000000, 0.000000000],
    [-0.09375000000, 1.218750000, -0.1250000000, 1.000000000]
  ]
}
,{
  "id": "right_hind_leg",
  "matrixRowMajor": [
    [1.000000000, 0.000000000, 0.000000000, 0.000000000],
    [0.000000000, 1.000000000, 0.000000000, 0.000000000],
    [0.000000000, 0.000000000, 1.000000000, 0.000000000],
    [-0.09375000000, 1.218750000, 0.1875000000, 1.000000000]
  ]
}
,{
  "id": "left_hind_leg",
  "matrixRowMajor": [
    [1.000000000, 0.000000000, 0.000000000, 0.000000000],
    [0.000000000, 1.000000000, 0.000000000, 0.000000000],
    [0.000000000, 0.000000000, 1.000000000, 0.000000000],
    [0.09375000000, 1.218750000, 0.1875000000, 1.000000000]
  ]
}
,{
  "id": "body",
  "matrixRowMajor": [
    [1.000000000, 0.000000000, 0.000000000, 0.000000000],
    [0.000000000, 1.000000000, 0.000000000, 0.000000000],
    [0.000000000, 0.000000000, 1.000000000, 0.000000000],
    [0.000000000, 1.112499952, 0.000000000, 1.000000000]
  ]
}
,{
  "id": "left_front_leg",
  "matrixRowMajor": [
    [1.000000000, 0.000000000, 0.000000000, 0.000000000],
    [0.000000000, 1.000000000, 0.000000000, 0.000000000],
    [0.000000000, 0.000000000, 1.000000000, 0.000000000],
    [0.09375000000, 1.218750000, -0.1250000000, 1.000000000]
  ]
}

  ]
}
