{
  "schemaVersion": 2,
  "versionLabel": "26.1.2",
  "officialJvmName": "net.minecraft.client.model.monster.phantom.PhantomModel",
  "extractionStatus": "reference_java",
  "factoryMethod": "createBodyLayer",
  "meshHostJvmName": "net.minecraft.client.model.monster.phantom.PhantomModel",
  "roots": [{
  "id": "root",
  "pose": {
  "translation": [0.000000000, 0.000000000, 0.000000000],
  "rotationEulerRad": [0.000000000, 0.000000000, 0.000000000],
  "eulerOrder": "XYZ"
}
,
  "worldPose": {
  "translation": [0.000000000, 0.000000000, 0.000000000],
  "eulerOrder": "XYZ"
}
,
  "cuboids": [],
  "children": [{
  "id": "body",
  "pose": {
  "translation": [0.000000000, 0.000000000, 0.000000000],
  "rotationEulerRad": [-0.1000000015, 0.000000000, 0.000000000],
  "eulerOrder": "XYZ"
}
,
  "worldPose": {
  "translation": [0.000000000, 0.000000000, 0.000000000],
  "eulerOrder": "XYZ"
}
,
  "cuboids": [{
  "from": [-3.000000000, -2.000000000, -8.000000000],
  "to": [2.000000000, 1.000000000, 1.000000000],
  "uvOrigin": [0, 0],
  "liftKind": "reference_java"
}
],
  "children": [{
  "id": "head",
  "pose": {
  "translation": [0.000000000, 1.000000000, -7.000000000],
  "rotationEulerRad": [0.2000000030, 0.000000000, 0.000000000],
  "eulerOrder": "XYZ"
}
,
  "worldPose": {
  "translation": [0.000000000, 1.000000000, -7.000000000],
  "eulerOrder": "XYZ"
}
,
  "cuboids": [{
  "from": [-4.000000000, -2.000000000, -5.000000000],
  "to": [3.000000000, 1.000000000, 0.000000000],
  "uvOrigin": [0, 0],
  "liftKind": "reference_java"
}
],
  "children": []
}
,{
  "id": "right_wing_base",
  "pose": {
  "translation": [-3.000000000, -2.000000000, -8.000000000],
  "rotationEulerRad": [0.000000000, 0.000000000, -0.1000000015],
  "eulerOrder": "XYZ"
}
,
  "worldPose": {
  "translation": [-3.000000000, -2.000000000, -8.000000000],
  "eulerOrder": "XYZ"
}
,
  "cuboids": [{
  "from": [-6.000000000, 0.000000000, 0.000000000],
  "to": [0.000000000, 2.000000000, 9.000000000],
  "uvOrigin": [0, 0],
  "liftKind": "reference_java"
}
],
  "children": [{
  "id": "right_wing_tip",
  "pose": {
  "translation": [-6.000000000, 0.000000000, 0.000000000],
  "rotationEulerRad": [0.000000000, 0.000000000, -0.1000000015],
  "eulerOrder": "XYZ"
}
,
  "worldPose": {
  "translation": [-9.184679031, -1.690508127, -8.000000000],
  "eulerOrder": "XYZ"
}
,
  "cuboids": [{
  "from": [-13.00000000, 0.000000000, 0.000000000],
  "to": [0.000000000, 1.000000000, 9.000000000],
  "uvOrigin": [0, 0],
  "liftKind": "reference_java"
}
],
  "children": []
}
]
}
,{
  "id": "tail_base",
  "pose": {
  "translation": [0.000000000, -2.000000000, 1.000000000],
  "rotationEulerRad": [0.000000000, 0.000000000, 0.000000000],
  "eulerOrder": "XYZ"
}
,
  "worldPose": {
  "translation": [0.000000000, -2.000000000, 1.000000000],
  "eulerOrder": "XYZ"
}
,
  "cuboids": [{
  "from": [-2.000000000, 0.000000000, 0.000000000],
  "to": [1.000000000, 2.000000000, 6.000000000],
  "uvOrigin": [0, 0],
  "liftKind": "reference_java"
}
],
  "children": [{
  "id": "tail_tip",
  "pose": {
  "translation": [0.000000000, 0.5000000000, 6.000000000],
  "rotationEulerRad": [0.000000000, 0.000000000, 0.000000000],
  "eulerOrder": "XYZ"
}
,
  "worldPose": {
  "translation": [0.000000000, -1.500000000, 7.000000000],
  "eulerOrder": "XYZ"
}
,
  "cuboids": [{
  "from": [-1.000000000, 0.000000000, 0.000000000],
  "to": [0.000000000, 1.000000000, 6.000000000],
  "uvOrigin": [0, 0],
  "liftKind": "reference_java"
}
],
  "children": []
}
]
}
,{
  "id": "left_wing_base",
  "pose": {
  "translation": [2.000000000, -2.000000000, -8.000000000],
  "rotationEulerRad": [0.000000000, 0.000000000, 0.1000000015],
  "eulerOrder": "XYZ"
}
,
  "worldPose": {
  "translation": [2.000000000, -2.000000000, -8.000000000],
  "eulerOrder": "XYZ"
}
,
  "cuboids": [{
  "from": [0.000000000, 0.000000000, 0.000000000],
  "to": [6.000000000, 2.000000000, 9.000000000],
  "uvOrigin": [0, 0],
  "liftKind": "reference_java"
}
],
  "children": [{
  "id": "left_wing_tip",
  "pose": {
  "translation": [6.000000000, 0.000000000, 0.000000000],
  "rotationEulerRad": [0.000000000, 0.000000000, 0.1000000015],
  "eulerOrder": "XYZ"
}
,
  "worldPose": {
  "translation": [8.189675331, -1.790341496, -8.000000000],
  "eulerOrder": "XYZ"
}
,
  "cuboids": [{
  "from": [0.000000000, 0.000000000, 0.000000000],
  "to": [13.00000000, 1.000000000, 9.000000000],
  "uvOrigin": [0, 0],
  "liftKind": "reference_java"
}
],
  "children": []
}
]
}
]
}
]
}
],
  "renderCuboidCenters": [{
  "partId": "body",
  "renderCenterTexel": [-0.5000000000, -0.8469190598, -3.432597876]
}
,{
  "partId": "head",
  "renderCenterTexel": [-0.5000000000, 0.04825171828, -9.602290154]
}
,{
  "partId": "right_wing_base",
  "renderCenterTexel": [-5.885179043, -1.051387906, -3.412082195]
}
,{
  "partId": "right_wing_tip",
  "renderCenterTexel": [-15.24112320, 0.02906703949, -3.520488977]
}
,{
  "partId": "tail_base",
  "renderCenterTexel": [-0.5000000000, -0.5956705809, 4.079850197]
}
,{
  "partId": "tail_tip",
  "renderCenterTexel": [-0.5000000000, 0.003329873085, 10.04987621]
}
,{
  "partId": "left_wing_base",
  "renderCenterTexel": [4.885179043, -1.051387906, -3.412082195]
}
,{
  "partId": "left_wing_tip",
  "renderCenterTexel": [14.24112320, 0.02906703949, -3.520488977]
}

  ],
  "renderPartAffines": [{
  "id": "body",
  "matrixRowMajor": [
    [1.000000000, 0.000000000, -0.000000000, 0.000000000],
    [-0.000000000, 0.9950041771, -0.09983341396, 0.000000000],
    [0.000000000, 0.09983341396, 0.9950041771, 0.000000000],
    [0.000000000, 0.000000000, 0.000000000, 1.000000000]
  ]
}
,{
  "id": "head",
  "matrixRowMajor": [
    [1.000000000, 0.000000000, 0.000000000, 0.000000000],
    [0.000000000, 0.9950042367, 0.09983342886, 0.000000000],
    [0.000000000, -0.09983342886, 0.9950042367, 0.000000000],
    [0.000000000, 0.01851064339, -0.4415539205, 1.000000000]
  ]
}
,{
  "id": "right_wing_base",
  "matrixRowMajor": [
    [0.9950041771, -0.09933466464, 0.009966710582, 0.000000000],
    [0.09983341396, 0.9900333285, -0.09933466464, 0.000000000],
    [0.000000000, 0.09983341396, 0.9950041771, 0.000000000],
    [-0.1875000000, -0.1742922366, -0.4850229025, 1.000000000]
  ]
}
,{
  "id": "right_wing_tip",
  "matrixRowMajor": [
    [0.9800665975, -0.1976768076, 0.01983383670, 0.000000000],
    [0.1986693293, 0.9751703739, -0.09784339368, 0.000000000],
    [0.000000000, 0.09983341396, 0.9950041771, 0.000000000],
    [-0.5606265664, -0.1370417327, -0.4887604117, 1.000000000]
  ]
}
,{
  "id": "tail_base",
  "matrixRowMajor": [
    [1.000000000, 0.000000000, -0.000000000, 0.000000000],
    [-0.000000000, 0.9950041771, -0.09983341396, 0.000000000],
    [0.000000000, 0.09983341396, 0.9950041771, 0.000000000],
    [0.000000000, -0.1181359366, 0.07466693968, 1.000000000]
  ]
}
,{
  "id": "tail_tip",
  "matrixRowMajor": [
    [1.000000000, 0.000000000, -0.000000000, 0.000000000],
    [-0.000000000, 0.9950041771, -0.09983341396, 0.000000000],
    [0.000000000, 0.09983341396, 0.9950041771, 0.000000000],
    [0.000000000, -0.04960452765, 0.4446737170, 1.000000000]
  ]
}
,{
  "id": "left_wing_base",
  "matrixRowMajor": [
    [0.9950041771, 0.09933466464, -0.009966710582, 0.000000000],
    [-0.09983341396, 0.9900333285, -0.09933466464, 0.000000000],
    [0.000000000, 0.09983341396, 0.9950041771, 0.000000000],
    [0.1250000000, -0.1742922366, -0.4850229025, 1.000000000]
  ]
}
,{
  "id": "left_wing_tip",
  "matrixRowMajor": [
    [0.9800665975, 0.1976768076, -0.01983383670, 0.000000000],
    [-0.1986693293, 0.9751703739, -0.09784339368, 0.000000000],
    [0.000000000, 0.09983341396, 0.9950041771, 0.000000000],
    [0.4981265664, -0.1370417327, -0.4887604117, 1.000000000]
  ]
}

  ]
}
