{
  "schemaVersion": 2,
  "versionLabel": "26.1.2",
  "officialJvmName": "net.minecraft.client.model.animal.fish.TropicalFishSmallModel",
  "extractionStatus": "reference_java",
  "factoryMethod": "createBodyLayer",
  "meshHostJvmName": "net.minecraft.client.model.animal.fish.TropicalFishSmallModel",
  "roots": [{
  "id": "root",
  "pose": {
  "translation": [0.000000000, 0.000000000, 0.000000000],
  "rotationEulerRad": [0.000000000, 0.000000000, 0.000000000],
  "eulerOrder": "XYZ"
}
,
  "worldPose": {
  "translation": [0.000000000, 0.000000000, 0.000000000],
  "eulerOrder": "XYZ"
}
,
  "cuboids": [],
  "children": [{
  "id": "left_fin",
  "pose": {
  "translation": [1.000000000, 22.50000000, 0.000000000],
  "rotationEulerRad": [0.000000000, -0.7853981853, 0.000000000],
  "eulerOrder": "XYZ"
}
,
  "worldPose": {
  "translation": [1.000000000, 22.50000000, 0.000000000],
  "eulerOrder": "XYZ"
}
,
  "cuboids": [{
  "from": [0.000000000, -1.000000000, 0.000000000],
  "to": [2.000000000, 1.000000000, 0.000000000],
  "uvOrigin": [0, 0],
  "liftKind": "reference_java"
}
],
  "children": []
}
,{
  "id": "top_fin",
  "pose": {
  "translation": [0.000000000, 20.50000000, -3.000000000],
  "rotationEulerRad": [0.000000000, 0.000000000, 0.000000000],
  "eulerOrder": "XYZ"
}
,
  "worldPose": {
  "translation": [0.000000000, 20.50000000, -3.000000000],
  "eulerOrder": "XYZ"
}
,
  "cuboids": [{
  "from": [0.000000000, -3.000000000, 0.000000000],
  "to": [0.000000000, 0.000000000, 6.000000000],
  "uvOrigin": [0, 0],
  "liftKind": "reference_java"
}
],
  "children": []
}
,{
  "id": "tail",
  "pose": {
  "translation": [0.000000000, 22.00000000, 3.000000000],
  "rotationEulerRad": [0.000000000, 0.000000000, 0.000000000],
  "eulerOrder": "XYZ"
}
,
  "worldPose": {
  "translation": [0.000000000, 22.00000000, 3.000000000],
  "eulerOrder": "XYZ"
}
,
  "cuboids": [{
  "from": [0.000000000, -1.500000000, 0.000000000],
  "to": [0.000000000, 1.500000000, 6.000000000],
  "uvOrigin": [0, 0],
  "liftKind": "reference_java"
}
],
  "children": []
}
,{
  "id": "right_fin",
  "pose": {
  "translation": [-1.000000000, 22.50000000, 0.000000000],
  "rotationEulerRad": [0.000000000, 0.7853981853, 0.000000000],
  "eulerOrder": "XYZ"
}
,
  "worldPose": {
  "translation": [-1.000000000, 22.50000000, 0.000000000],
  "eulerOrder": "XYZ"
}
,
  "cuboids": [{
  "from": [-2.000000000, -1.000000000, 0.000000000],
  "to": [0.000000000, 1.000000000, 0.000000000],
  "uvOrigin": [0, 0],
  "liftKind": "reference_java"
}
],
  "children": []
}
,{
  "id": "body",
  "pose": {
  "translation": [0.000000000, 22.00000000, 0.000000000],
  "rotationEulerRad": [0.000000000, 0.000000000, 0.000000000],
  "eulerOrder": "XYZ"
}
,
  "worldPose": {
  "translation": [0.000000000, 22.00000000, 0.000000000],
  "eulerOrder": "XYZ"
}
,
  "cuboids": [{
  "from": [-1.000000000, -1.500000000, -3.000000000],
  "to": [1.000000000, 1.500000000, 3.000000000],
  "uvOrigin": [0, 0],
  "liftKind": "reference_java"
}
],
  "children": []
}
]
}
],
  "renderCuboidCenters": [{
  "partId": "left_fin",
  "renderCenterTexel": [1.707106709, 22.50000000, 0.7071068287]
}
,{
  "partId": "top_fin",
  "renderCenterTexel": [0.000000000, 19.00000000, 0.000000000]
}
,{
  "partId": "tail",
  "renderCenterTexel": [0.000000000, 20.23664474, 5.427050591]
}
,{
  "partId": "right_fin",
  "renderCenterTexel": [-1.707106709, 22.50000000, 0.7071068287]
}
,{
  "partId": "body",
  "renderCenterTexel": [0.000000000, 22.00000000, 0.000000000]
}

  ],
  "renderPartAffines": [{
  "id": "left_fin",
  "matrixRowMajor": [
    [0.7071067095, 0.000000000, 0.7071068287, 0.000000000],
    [-0.000000000, 1.000000000, 0.000000000, 0.000000000],
    [-0.7071068287, -0.000000000, 0.7071067095, 0.000000000],
    [0.06250000000, 1.406250000, 0.000000000, 1.000000000]
  ]
}
,{
  "id": "top_fin",
  "matrixRowMajor": [
    [1.000000000, 0.000000000, 0.000000000, 0.000000000],
    [0.000000000, 1.000000000, 0.000000000, 0.000000000],
    [0.000000000, 0.000000000, 1.000000000, 0.000000000],
    [0.000000000, 1.281250000, -0.1875000000, 1.000000000]
  ]
}
,{
  "id": "tail",
  "matrixRowMajor": [
    [0.9999999404, 0.000000000, 0.000000000, 0.000000000],
    [0.000000000, 0.8090168834, 0.5877852440, 0.000000000],
    [0.000000000, -0.5877852440, 0.8090168834, 0.000000000],
    [0.000000000, 1.375000000, 0.1875000000, 1.000000000]
  ]
}
,{
  "id": "right_fin",
  "matrixRowMajor": [
    [0.7071067095, 0.000000000, -0.7071068287, 0.000000000],
    [0.000000000, 1.000000000, 0.000000000, 0.000000000],
    [0.7071068287, 0.000000000, 0.7071067095, 0.000000000],
    [-0.06250000000, 1.406250000, 0.000000000, 1.000000000]
  ]
}
,{
  "id": "body",
  "matrixRowMajor": [
    [1.000000000, 0.000000000, 0.000000000, 0.000000000],
    [0.000000000, 1.000000000, 0.000000000, 0.000000000],
    [0.000000000, 0.000000000, 1.000000000, 0.000000000],
    [0.000000000, 1.375000000, 0.000000000, 1.000000000]
  ]
}

  ]
}
