{
  "schemaVersion": 2,
  "versionLabel": "26.1.2",
  "officialJvmName": "net.minecraft.client.model.monster.spider.SpiderModel",
  "extractionStatus": "reference_java",
  "factoryMethod": "createSpiderBodyLayer",
  "meshHostJvmName": "net.minecraft.client.model.monster.spider.SpiderModel",
  "roots": [{
  "id": "root",
  "pose": {
  "translation": [0.000000000, 0.000000000, 0.000000000],
  "rotationEulerRad": [0.000000000, 0.000000000, 0.000000000],
  "eulerOrder": "XYZ"
}
,
  "worldPose": {
  "translation": [0.000000000, 0.000000000, 0.000000000],
  "eulerOrder": "XYZ"
}
,
  "cuboids": [],
  "children": [{
  "id": "head",
  "pose": {
  "translation": [0.000000000, 15.00000000, -3.000000000],
  "rotationEulerRad": [0.000000000, 0.000000000, 0.000000000],
  "eulerOrder": "XYZ"
}
,
  "worldPose": {
  "translation": [0.000000000, 15.00000000, -3.000000000],
  "eulerOrder": "XYZ"
}
,
  "cuboids": [{
  "from": [-4.000000000, -4.000000000, -8.000000000],
  "to": [4.000000000, 4.000000000, 0.000000000],
  "uvOrigin": [0, 0],
  "liftKind": "reference_java"
}
],
  "children": []
}
,{
  "id": "right_front_leg",
  "pose": {
  "translation": [-4.000000000, 15.00000000, -1.000000000],
  "rotationEulerRad": [0.000000000, -0.7853981853, -0.7853981853],
  "eulerOrder": "XYZ"
}
,
  "worldPose": {
  "translation": [-4.000000000, 15.00000000, -1.000000000],
  "eulerOrder": "XYZ"
}
,
  "cuboids": [{
  "from": [-15.00000000, -1.000000000, -1.000000000],
  "to": [1.000000000, 1.000000000, 1.000000000],
  "uvOrigin": [0, 0],
  "liftKind": "reference_java"
}
],
  "children": []
}
,{
  "id": "right_hind_leg",
  "pose": {
  "translation": [-4.000000000, 15.00000000, 2.000000000],
  "rotationEulerRad": [0.000000000, 0.7853981853, -0.7853981853],
  "eulerOrder": "XYZ"
}
,
  "worldPose": {
  "translation": [-4.000000000, 15.00000000, 2.000000000],
  "eulerOrder": "XYZ"
}
,
  "cuboids": [{
  "from": [-15.00000000, -1.000000000, -1.000000000],
  "to": [1.000000000, 1.000000000, 1.000000000],
  "uvOrigin": [0, 0],
  "liftKind": "reference_java"
}
],
  "children": []
}
,{
  "id": "left_middle_front_leg",
  "pose": {
  "translation": [4.000000000, 15.00000000, 0.000000000],
  "rotationEulerRad": [0.000000000, 0.3926990926, 0.5811946392],
  "eulerOrder": "XYZ"
}
,
  "worldPose": {
  "translation": [4.000000000, 15.00000000, 0.000000000],
  "eulerOrder": "XYZ"
}
,
  "cuboids": [{
  "from": [-1.000000000, -1.000000000, -1.000000000],
  "to": [15.00000000, 1.000000000, 1.000000000],
  "uvOrigin": [0, 0],
  "liftKind": "reference_java"
}
],
  "children": []
}
,{
  "id": "body0",
  "pose": {
  "translation": [0.000000000, 15.00000000, 0.000000000],
  "rotationEulerRad": [0.000000000, 0.000000000, 0.000000000],
  "eulerOrder": "XYZ"
}
,
  "worldPose": {
  "translation": [0.000000000, 15.00000000, 0.000000000],
  "eulerOrder": "XYZ"
}
,
  "cuboids": [{
  "from": [-3.000000000, -3.000000000, -3.000000000],
  "to": [3.000000000, 3.000000000, 3.000000000],
  "uvOrigin": [0, 0],
  "liftKind": "reference_java"
}
],
  "children": []
}
,{
  "id": "body1",
  "pose": {
  "translation": [0.000000000, 15.00000000, 9.000000000],
  "rotationEulerRad": [0.000000000, 0.000000000, 0.000000000],
  "eulerOrder": "XYZ"
}
,
  "worldPose": {
  "translation": [0.000000000, 15.00000000, 9.000000000],
  "eulerOrder": "XYZ"
}
,
  "cuboids": [{
  "from": [-5.000000000, -4.000000000, -6.000000000],
  "to": [5.000000000, 4.000000000, 6.000000000],
  "uvOrigin": [0, 0],
  "liftKind": "reference_java"
}
],
  "children": []
}
,{
  "id": "left_hind_leg",
  "pose": {
  "translation": [4.000000000, 15.00000000, 2.000000000],
  "rotationEulerRad": [0.000000000, -0.7853981853, 0.7853981853],
  "eulerOrder": "XYZ"
}
,
  "worldPose": {
  "translation": [4.000000000, 15.00000000, 2.000000000],
  "eulerOrder": "XYZ"
}
,
  "cuboids": [{
  "from": [-1.000000000, -1.000000000, -1.000000000],
  "to": [15.00000000, 1.000000000, 1.000000000],
  "uvOrigin": [0, 0],
  "liftKind": "reference_java"
}
],
  "children": []
}
,{
  "id": "right_middle_hind_leg",
  "pose": {
  "translation": [-4.000000000, 15.00000000, 1.000000000],
  "rotationEulerRad": [0.000000000, 0.3926990926, -0.5811946392],
  "eulerOrder": "XYZ"
}
,
  "worldPose": {
  "translation": [-4.000000000, 15.00000000, 1.000000000],
  "eulerOrder": "XYZ"
}
,
  "cuboids": [{
  "from": [-15.00000000, -1.000000000, -1.000000000],
  "to": [1.000000000, 1.000000000, 1.000000000],
  "uvOrigin": [0, 0],
  "liftKind": "reference_java"
}
],
  "children": []
}
,{
  "id": "right_middle_front_leg",
  "pose": {
  "translation": [-4.000000000, 15.00000000, 0.000000000],
  "rotationEulerRad": [0.000000000, -0.3926990926, -0.5811946392],
  "eulerOrder": "XYZ"
}
,
  "worldPose": {
  "translation": [-4.000000000, 15.00000000, 0.000000000],
  "eulerOrder": "XYZ"
}
,
  "cuboids": [{
  "from": [-15.00000000, -1.000000000, -1.000000000],
  "to": [1.000000000, 1.000000000, 1.000000000],
  "uvOrigin": [0, 0],
  "liftKind": "reference_java"
}
],
  "children": []
}
,{
  "id": "left_middle_hind_leg",
  "pose": {
  "translation": [4.000000000, 15.00000000, 1.000000000],
  "rotationEulerRad": [0.000000000, -0.3926990926, 0.5811946392],
  "eulerOrder": "XYZ"
}
,
  "worldPose": {
  "translation": [4.000000000, 15.00000000, 1.000000000],
  "eulerOrder": "XYZ"
}
,
  "cuboids": [{
  "from": [-1.000000000, -1.000000000, -1.000000000],
  "to": [15.00000000, 1.000000000, 1.000000000],
  "uvOrigin": [0, 0],
  "liftKind": "reference_java"
}
],
  "children": []
}
,{
  "id": "left_front_leg",
  "pose": {
  "translation": [4.000000000, 15.00000000, -1.000000000],
  "rotationEulerRad": [0.000000000, 0.7853981853, 0.7853981853],
  "eulerOrder": "XYZ"
}
,
  "worldPose": {
  "translation": [4.000000000, 15.00000000, -1.000000000],
  "eulerOrder": "XYZ"
}
,
  "cuboids": [{
  "from": [-1.000000000, -1.000000000, -1.000000000],
  "to": [15.00000000, 1.000000000, 1.000000000],
  "uvOrigin": [0, 0],
  "liftKind": "reference_java"
}
],
  "children": []
}
]
}
],
  "renderCuboidCenters": [{
  "partId": "head",
  "renderCenterTexel": [0.000000000, 15.00000000, -7.000000000]
}
,{
  "partId": "right_front_leg",
  "renderCenterTexel": [-7.500000000, 18.50000000, -5.949748039]
}
,{
  "partId": "right_hind_leg",
  "renderCenterTexel": [-7.500000000, 18.50000000, 6.949748039]
}
,{
  "partId": "left_middle_front_leg",
  "renderCenterTexel": [9.405296326, 18.55061722, -2.678783894]
}
,{
  "partId": "body0",
  "renderCenterTexel": [0.000000000, 15.00000000, 0.000000000]
}
,{
  "partId": "body1",
  "renderCenterTexel": [0.000000000, 15.00000000, 9.000000000]
}
,{
  "partId": "left_hind_leg",
  "renderCenterTexel": [7.500000000, 18.50000000, 6.949748039]
}
,{
  "partId": "right_middle_hind_leg",
  "renderCenterTexel": [-9.405296326, 18.55061722, 3.678783894]
}
,{
  "partId": "right_middle_front_leg",
  "renderCenterTexel": [-9.405296326, 18.55061722, -2.678783894]
}
,{
  "partId": "left_middle_hind_leg",
  "renderCenterTexel": [9.405296326, 18.55061722, 3.678783894]
}
,{
  "partId": "left_front_leg",
  "renderCenterTexel": [7.500000000, 18.50000000, -5.949748039]
}

  ],
  "renderPartAffines": [{
  "id": "head",
  "matrixRowMajor": [
    [1.000000000, 0.000000000, 0.000000000, 0.000000000],
    [0.000000000, 1.000000000, 0.000000000, 0.000000000],
    [0.000000000, 0.000000000, 1.000000000, 0.000000000],
    [0.000000000, 0.9375000000, -0.1875000000, 1.000000000]
  ]
}
,{
  "id": "right_front_leg",
  "matrixRowMajor": [
    [0.5000000000, -0.5000000000, 0.7071068287, 0.000000000],
    [0.7071068287, 0.7071067095, 0.000000000, 0.000000000],
    [-0.5000000000, 0.5000000596, 0.7071067095, 0.000000000],
    [-0.2500000000, 0.9375000000, -0.06250000000, 1.000000000]
  ]
}
,{
  "id": "right_hind_leg",
  "matrixRowMajor": [
    [0.5000000000, -0.5000000000, -0.7071068287, 0.000000000],
    [0.7071068287, 0.7071067095, 0.000000000, 0.000000000],
    [0.5000000000, -0.5000000596, 0.7071067095, 0.000000000],
    [-0.2500000000, 0.9375000000, 0.1250000000, 1.000000000]
  ]
}
,{
  "id": "left_middle_front_leg",
  "matrixRowMajor": [
    [0.7721852660, 0.5072308779, -0.3826833963, 0.000000000],
    [-0.5490227938, 0.8358073235, -7.450580597e-09, 0.000000000],
    [0.3198496103, 0.2101019323, 0.9238795042, 0.000000000],
    [0.2500000000, 0.9375000000, 0.000000000, 1.000000000]
  ]
}
,{
  "id": "body0",
  "matrixRowMajor": [
    [1.000000000, 0.000000000, 0.000000000, 0.000000000],
    [0.000000000, 1.000000000, 0.000000000, 0.000000000],
    [0.000000000, 0.000000000, 1.000000000, 0.000000000],
    [0.000000000, 0.9375000000, 0.000000000, 1.000000000]
  ]
}
,{
  "id": "body1",
  "matrixRowMajor": [
    [1.000000000, 0.000000000, 0.000000000, 0.000000000],
    [0.000000000, 1.000000000, 0.000000000, 0.000000000],
    [0.000000000, 0.000000000, 1.000000000, 0.000000000],
    [0.000000000, 0.9375000000, 0.5625000000, 1.000000000]
  ]
}
,{
  "id": "left_hind_leg",
  "matrixRowMajor": [
    [0.5000000000, 0.5000000000, 0.7071068287, 0.000000000],
    [-0.7071068287, 0.7071067095, 0.000000000, 0.000000000],
    [-0.5000000000, -0.5000000596, 0.7071067095, 0.000000000],
    [0.2500000000, 0.9375000000, 0.1250000000, 1.000000000]
  ]
}
,{
  "id": "right_middle_hind_leg",
  "matrixRowMajor": [
    [0.7721852660, -0.5072308779, -0.3826833963, 0.000000000],
    [0.5490227938, 0.8358073235, 7.450580597e-09, 0.000000000],
    [0.3198496103, -0.2101019323, 0.9238795042, 0.000000000],
    [-0.2500000000, 0.9375000000, 0.06250000000, 1.000000000]
  ]
}
,{
  "id": "right_middle_front_leg",
  "matrixRowMajor": [
    [0.7721852660, -0.5072308779, 0.3826833963, 0.000000000],
    [0.5490227938, 0.8358073235, -7.450580597e-09, 0.000000000],
    [-0.3198496103, 0.2101019323, 0.9238795042, 0.000000000],
    [-0.2500000000, 0.9375000000, 0.000000000, 1.000000000]
  ]
}
,{
  "id": "left_middle_hind_leg",
  "matrixRowMajor": [
    [0.7721852660, 0.5072308779, 0.3826833963, 0.000000000],
    [-0.5490227938, 0.8358073235, 7.450580597e-09, 0.000000000],
    [-0.3198496103, -0.2101019323, 0.9238795042, 0.000000000],
    [0.2500000000, 0.9375000000, 0.06250000000, 1.000000000]
  ]
}
,{
  "id": "left_front_leg",
  "matrixRowMajor": [
    [0.5000000000, 0.5000000000, -0.7071068287, 0.000000000],
    [-0.7071068287, 0.7071067095, 0.000000000, 0.000000000],
    [0.5000000000, 0.5000000596, 0.7071067095, 0.000000000],
    [0.2500000000, 0.9375000000, -0.06250000000, 1.000000000]
  ]
}

  ]
}
