{
  "schemaVersion": 2,
  "versionLabel": "26.1.2",
  "officialJvmName": "net.minecraft.client.model.animal.fish.PufferfishBigModel",
  "extractionStatus": "reference_java",
  "factoryMethod": "createBodyLayer",
  "meshHostJvmName": "net.minecraft.client.model.animal.fish.PufferfishBigModel",
  "roots": [{
  "id": "root",
  "pose": {
  "translation": [0.000000000, 0.000000000, 0.000000000],
  "rotationEulerRad": [0.000000000, 0.000000000, 0.000000000],
  "eulerOrder": "XYZ"
}
,
  "worldPose": {
  "translation": [0.000000000, 0.000000000, 0.000000000],
  "eulerOrder": "XYZ"
}
,
  "cuboids": [],
  "children": [{
  "id": "left_blue_fin",
  "pose": {
  "translation": [4.000000000, 15.00000000, -2.000000000],
  "rotationEulerRad": [0.000000000, 0.000000000, 0.000000000],
  "eulerOrder": "XYZ"
}
,
  "worldPose": {
  "translation": [4.000000000, 15.00000000, -2.000000000],
  "eulerOrder": "XYZ"
}
,
  "cuboids": [{
  "from": [0.000000000, 0.000000000, -1.000000000],
  "to": [2.000000000, 1.000000000, 1.000000000],
  "uvOrigin": [0, 0],
  "liftKind": "reference_java"
}
],
  "children": []
}
,{
  "id": "top_back_fin",
  "pose": {
  "translation": [0.000000000, 14.00000000, 4.000000000],
  "rotationEulerRad": [-0.7853981853, 0.000000000, 0.000000000],
  "eulerOrder": "XYZ"
}
,
  "worldPose": {
  "translation": [0.000000000, 14.00000000, 4.000000000],
  "eulerOrder": "XYZ"
}
,
  "cuboids": [{
  "from": [-4.000000000, -1.000000000, 0.000000000],
  "to": [4.000000000, 0.000000000, 0.000000000],
  "uvOrigin": [0, 0],
  "liftKind": "reference_java"
}
],
  "children": []
}
,{
  "id": "top_middle_fin",
  "pose": {
  "translation": [0.000000000, 14.00000000, 0.000000000],
  "rotationEulerRad": [0.000000000, 0.000000000, 0.000000000],
  "eulerOrder": "XYZ"
}
,
  "worldPose": {
  "translation": [0.000000000, 14.00000000, 0.000000000],
  "eulerOrder": "XYZ"
}
,
  "cuboids": [{
  "from": [-4.000000000, -1.000000000, 0.000000000],
  "to": [4.000000000, 0.000000000, 1.000000000],
  "uvOrigin": [0, 0],
  "liftKind": "reference_java"
}
],
  "children": []
}
,{
  "id": "bottom_front_fin",
  "pose": {
  "translation": [0.000000000, 22.00000000, -4.000000000],
  "rotationEulerRad": [-0.7853981853, 0.000000000, 0.000000000],
  "eulerOrder": "XYZ"
}
,
  "worldPose": {
  "translation": [0.000000000, 22.00000000, -4.000000000],
  "eulerOrder": "XYZ"
}
,
  "cuboids": [{
  "from": [-4.000000000, 0.000000000, 0.000000000],
  "to": [4.000000000, 1.000000000, 0.000000000],
  "uvOrigin": [0, 0],
  "liftKind": "reference_java"
}
],
  "children": []
}
,{
  "id": "right_front_fin",
  "pose": {
  "translation": [-4.000000000, 22.00000000, -4.000000000],
  "rotationEulerRad": [0.000000000, -0.7853981853, 0.000000000],
  "eulerOrder": "XYZ"
}
,
  "worldPose": {
  "translation": [-4.000000000, 22.00000000, -4.000000000],
  "eulerOrder": "XYZ"
}
,
  "cuboids": [{
  "from": [-1.000000000, -8.000000000, 0.000000000],
  "to": [0.000000000, 0.000000000, 0.000000000],
  "uvOrigin": [0, 0],
  "liftKind": "reference_java"
}
],
  "children": []
}
,{
  "id": "body",
  "pose": {
  "translation": [0.000000000, 22.00000000, 0.000000000],
  "rotationEulerRad": [0.000000000, 0.000000000, 0.000000000],
  "eulerOrder": "XYZ"
}
,
  "worldPose": {
  "translation": [0.000000000, 22.00000000, 0.000000000],
  "eulerOrder": "XYZ"
}
,
  "cuboids": [{
  "from": [-4.000000000, -8.000000000, -4.000000000],
  "to": [4.000000000, 0.000000000, 4.000000000],
  "uvOrigin": [0, 0],
  "liftKind": "reference_java"
}
],
  "children": []
}
,{
  "id": "bottom_back_fin",
  "pose": {
  "translation": [0.000000000, 22.00000000, 4.000000000],
  "rotationEulerRad": [0.7853981853, 0.000000000, 0.000000000],
  "eulerOrder": "XYZ"
}
,
  "worldPose": {
  "translation": [0.000000000, 22.00000000, 4.000000000],
  "eulerOrder": "XYZ"
}
,
  "cuboids": [{
  "from": [-4.000000000, 0.000000000, 0.000000000],
  "to": [4.000000000, 1.000000000, 0.000000000],
  "uvOrigin": [0, 0],
  "liftKind": "reference_java"
}
],
  "children": []
}
,{
  "id": "right_blue_fin",
  "pose": {
  "translation": [-4.000000000, 15.00000000, -2.000000000],
  "rotationEulerRad": [0.000000000, 0.000000000, 0.000000000],
  "eulerOrder": "XYZ"
}
,
  "worldPose": {
  "translation": [-4.000000000, 15.00000000, -2.000000000],
  "eulerOrder": "XYZ"
}
,
  "cuboids": [{
  "from": [-2.000000000, 0.000000000, -1.000000000],
  "to": [0.000000000, 1.000000000, 1.000000000],
  "uvOrigin": [0, 0],
  "liftKind": "reference_java"
}
],
  "children": []
}
,{
  "id": "left_front_fin",
  "pose": {
  "translation": [4.000000000, 22.00000000, -4.000000000],
  "rotationEulerRad": [0.000000000, 0.7853981853, 0.000000000],
  "eulerOrder": "XYZ"
}
,
  "worldPose": {
  "translation": [4.000000000, 22.00000000, -4.000000000],
  "eulerOrder": "XYZ"
}
,
  "cuboids": [{
  "from": [0.000000000, -8.000000000, 0.000000000],
  "to": [1.000000000, 0.000000000, 0.000000000],
  "uvOrigin": [0, 0],
  "liftKind": "reference_java"
}
],
  "children": []
}
,{
  "id": "bottom_middle_fin",
  "pose": {
  "translation": [0.000000000, 22.00000000, 0.000000000],
  "rotationEulerRad": [0.000000000, 0.000000000, 0.000000000],
  "eulerOrder": "XYZ"
}
,
  "worldPose": {
  "translation": [0.000000000, 22.00000000, 0.000000000],
  "eulerOrder": "XYZ"
}
,
  "cuboids": [{
  "from": [-4.000000000, 0.000000000, 0.000000000],
  "to": [4.000000000, 1.000000000, 0.000000000],
  "uvOrigin": [0, 0],
  "liftKind": "reference_java"
}
],
  "children": []
}
,{
  "id": "left_back_fin",
  "pose": {
  "translation": [4.000000000, 22.00000000, 4.000000000],
  "rotationEulerRad": [0.000000000, -0.7853981853, 0.000000000],
  "eulerOrder": "XYZ"
}
,
  "worldPose": {
  "translation": [4.000000000, 22.00000000, 4.000000000],
  "eulerOrder": "XYZ"
}
,
  "cuboids": [{
  "from": [0.000000000, -8.000000000, 0.000000000],
  "to": [1.000000000, 0.000000000, 0.000000000],
  "uvOrigin": [0, 0],
  "liftKind": "reference_java"
}
],
  "children": []
}
,{
  "id": "right_back_fin",
  "pose": {
  "translation": [-4.000000000, 22.00000000, 4.000000000],
  "rotationEulerRad": [0.000000000, 0.7853981853, 0.000000000],
  "eulerOrder": "XYZ"
}
,
  "worldPose": {
  "translation": [-4.000000000, 22.00000000, 4.000000000],
  "eulerOrder": "XYZ"
}
,
  "cuboids": [{
  "from": [-1.000000000, -8.000000000, 0.000000000],
  "to": [0.000000000, 0.000000000, 0.000000000],
  "uvOrigin": [0, 0],
  "liftKind": "reference_java"
}
],
  "children": []
}
,{
  "id": "top_front_fin",
  "pose": {
  "translation": [0.000000000, 14.00000000, -4.000000000],
  "rotationEulerRad": [0.7853981853, 0.000000000, 0.000000000],
  "eulerOrder": "XYZ"
}
,
  "worldPose": {
  "translation": [0.000000000, 14.00000000, -4.000000000],
  "eulerOrder": "XYZ"
}
,
  "cuboids": [{
  "from": [-4.000000000, -1.000000000, 0.000000000],
  "to": [4.000000000, 0.000000000, 0.000000000],
  "uvOrigin": [0, 0],
  "liftKind": "reference_java"
}
],
  "children": []
}
]
}
],
  "renderCuboidCenters": [{
  "partId": "left_blue_fin",
  "renderCenterTexel": [5.000000000, 15.50000000, -2.000000000]
}
,{
  "partId": "top_back_fin",
  "renderCenterTexel": [0.000000000, 13.64644623, 4.353553295]
}
,{
  "partId": "top_middle_fin",
  "renderCenterTexel": [0.000000000, 13.50000000, 0.5000000000]
}
,{
  "partId": "bottom_front_fin",
  "renderCenterTexel": [0.000000000, 22.35355377, -4.353553295]
}
,{
  "partId": "right_front_fin",
  "renderCenterTexel": [-4.353553295, 18.00000000, -4.353553295]
}
,{
  "partId": "body",
  "renderCenterTexel": [0.000000000, 18.00000000, 0.000000000]
}
,{
  "partId": "bottom_back_fin",
  "renderCenterTexel": [0.000000000, 22.35355377, 4.353553295]
}
,{
  "partId": "right_blue_fin",
  "renderCenterTexel": [-5.000000000, 15.50000000, -2.000000000]
}
,{
  "partId": "left_front_fin",
  "renderCenterTexel": [4.353553295, 18.00000000, -4.353553295]
}
,{
  "partId": "bottom_middle_fin",
  "renderCenterTexel": [0.000000000, 22.50000000, 0.000000000]
}
,{
  "partId": "left_back_fin",
  "renderCenterTexel": [4.353553295, 18.00000000, 4.353553295]
}
,{
  "partId": "right_back_fin",
  "renderCenterTexel": [-4.353553295, 18.00000000, 4.353553295]
}
,{
  "partId": "top_front_fin",
  "renderCenterTexel": [0.000000000, 13.64644623, -4.353553295]
}

  ],
  "renderPartAffines": [{
  "id": "left_blue_fin",
  "matrixRowMajor": [
    [1.000000000, 0.000000000, 0.000000000, 0.000000000],
    [0.000000000, 1.000000000, 0.000000000, 0.000000000],
    [0.000000000, 0.000000000, 1.000000000, 0.000000000],
    [0.2500000000, 0.9375000000, -0.1250000000, 1.000000000]
  ]
}
,{
  "id": "top_back_fin",
  "matrixRowMajor": [
    [1.000000000, 0.000000000, -0.000000000, 0.000000000],
    [-0.000000000, 0.7071067095, -0.7071068287, 0.000000000],
    [0.000000000, 0.7071068287, 0.7071067095, 0.000000000],
    [0.000000000, 0.8750000000, 0.2500000000, 1.000000000]
  ]
}
,{
  "id": "top_middle_fin",
  "matrixRowMajor": [
    [1.000000000, 0.000000000, 0.000000000, 0.000000000],
    [0.000000000, 1.000000000, 0.000000000, 0.000000000],
    [0.000000000, 0.000000000, 1.000000000, 0.000000000],
    [0.000000000, 0.8750000000, 0.000000000, 1.000000000]
  ]
}
,{
  "id": "bottom_front_fin",
  "matrixRowMajor": [
    [1.000000000, 0.000000000, -0.000000000, 0.000000000],
    [-0.000000000, 0.7071067095, -0.7071068287, 0.000000000],
    [0.000000000, 0.7071068287, 0.7071067095, 0.000000000],
    [0.000000000, 1.375000000, -0.2500000000, 1.000000000]
  ]
}
,{
  "id": "right_front_fin",
  "matrixRowMajor": [
    [0.7071067095, 0.000000000, 0.7071068287, 0.000000000],
    [-0.000000000, 1.000000000, 0.000000000, 0.000000000],
    [-0.7071068287, -0.000000000, 0.7071067095, 0.000000000],
    [-0.2500000000, 1.375000000, -0.2500000000, 1.000000000]
  ]
}
,{
  "id": "body",
  "matrixRowMajor": [
    [1.000000000, 0.000000000, 0.000000000, 0.000000000],
    [0.000000000, 1.000000000, 0.000000000, 0.000000000],
    [0.000000000, 0.000000000, 1.000000000, 0.000000000],
    [0.000000000, 1.375000000, 0.000000000, 1.000000000]
  ]
}
,{
  "id": "bottom_back_fin",
  "matrixRowMajor": [
    [1.000000000, 0.000000000, 0.000000000, 0.000000000],
    [0.000000000, 0.7071067095, 0.7071068287, 0.000000000],
    [0.000000000, -0.7071068287, 0.7071067095, 0.000000000],
    [0.000000000, 1.375000000, 0.2500000000, 1.000000000]
  ]
}
,{
  "id": "right_blue_fin",
  "matrixRowMajor": [
    [1.000000000, 0.000000000, 0.000000000, 0.000000000],
    [0.000000000, 1.000000000, 0.000000000, 0.000000000],
    [0.000000000, 0.000000000, 1.000000000, 0.000000000],
    [-0.2500000000, 0.9375000000, -0.1250000000, 1.000000000]
  ]
}
,{
  "id": "left_front_fin",
  "matrixRowMajor": [
    [0.7071067095, 0.000000000, -0.7071068287, 0.000000000],
    [0.000000000, 1.000000000, 0.000000000, 0.000000000],
    [0.7071068287, 0.000000000, 0.7071067095, 0.000000000],
    [0.2500000000, 1.375000000, -0.2500000000, 1.000000000]
  ]
}
,{
  "id": "bottom_middle_fin",
  "matrixRowMajor": [
    [1.000000000, 0.000000000, 0.000000000, 0.000000000],
    [0.000000000, 1.000000000, 0.000000000, 0.000000000],
    [0.000000000, 0.000000000, 1.000000000, 0.000000000],
    [0.000000000, 1.375000000, 0.000000000, 1.000000000]
  ]
}
,{
  "id": "left_back_fin",
  "matrixRowMajor": [
    [0.7071067095, 0.000000000, 0.7071068287, 0.000000000],
    [-0.000000000, 1.000000000, 0.000000000, 0.000000000],
    [-0.7071068287, -0.000000000, 0.7071067095, 0.000000000],
    [0.2500000000, 1.375000000, 0.2500000000, 1.000000000]
  ]
}
,{
  "id": "right_back_fin",
  "matrixRowMajor": [
    [0.7071067095, 0.000000000, -0.7071068287, 0.000000000],
    [0.000000000, 1.000000000, 0.000000000, 0.000000000],
    [0.7071068287, 0.000000000, 0.7071067095, 0.000000000],
    [-0.2500000000, 1.375000000, 0.2500000000, 1.000000000]
  ]
}
,{
  "id": "top_front_fin",
  "matrixRowMajor": [
    [1.000000000, 0.000000000, 0.000000000, 0.000000000],
    [0.000000000, 0.7071067095, 0.7071068287, 0.000000000],
    [0.000000000, -0.7071068287, 0.7071067095, 0.000000000],
    [0.000000000, 0.8750000000, -0.2500000000, 1.000000000]
  ]
}

  ]
}
