{
  "schemaVersion": 2,
  "versionLabel": "26.1.2",
  "officialJvmName": "net.minecraft.client.model.animal.dolphin.BabyDolphinModel",
  "extractionStatus": "reference_java",
  "factoryMethod": "createBodyLayer",
  "meshHostJvmName": "net.minecraft.client.model.animal.dolphin.BabyDolphinModel",
  "roots": [{
  "id": "root",
  "pose": {
  "translation": [0.000000000, 0.000000000, 0.000000000],
  "rotationEulerRad": [0.000000000, 0.000000000, 0.000000000],
  "eulerOrder": "XYZ"
}
,
  "worldPose": {
  "translation": [0.000000000, 0.000000000, 0.000000000],
  "eulerOrder": "XYZ"
}
,
  "cuboids": [],
  "children": [{
  "id": "body",
  "pose": {
  "translation": [0.000000000, 21.50000000, 0.000000000],
  "rotationEulerRad": [0.000000000, 0.000000000, 0.000000000],
  "eulerOrder": "XYZ"
}
,
  "worldPose": {
  "translation": [0.000000000, 21.50000000, 0.000000000],
  "eulerOrder": "XYZ"
}
,
  "cuboids": [{
  "from": [-3.000000000, -2.500000000, -4.000000000],
  "to": [3.000000000, 2.500000000, 4.000000000],
  "uvOrigin": [0, 0],
  "liftKind": "reference_java"
}
],
  "children": [{
  "id": "head",
  "pose": {
  "translation": [0.000000000, 1.000000000, -4.000000000],
  "rotationEulerRad": [0.000000000, 0.000000000, 0.000000000],
  "eulerOrder": "XYZ"
}
,
  "worldPose": {
  "translation": [0.000000000, 22.50000000, -4.000000000],
  "eulerOrder": "XYZ"
}
,
  "cuboids": [{
  "from": [-3.000000000, -3.500000000, -4.000000000],
  "to": [3.000000000, 1.500000000, 0.000000000],
  "uvOrigin": [0, 0],
  "liftKind": "reference_java"
}
],
  "children": [{
  "id": "nose",
  "pose": {
  "translation": [0.000000000, 0.5000000000, -4.000000000],
  "rotationEulerRad": [0.000000000, 0.000000000, 0.000000000],
  "eulerOrder": "XYZ"
}
,
  "worldPose": {
  "translation": [0.000000000, 23.00000000, -8.000000000],
  "eulerOrder": "XYZ"
}
,
  "cuboids": [{
  "from": [-1.000000000, -1.000000000, -2.000000000],
  "to": [1.000000000, 1.000000000, 0.000000000],
  "uvOrigin": [0, 0],
  "liftKind": "reference_java"
}
],
  "children": []
}
]
}
,{
  "id": "left_fin",
  "pose": {
  "translation": [1.799999952, 0.8500000238, -2.599999905],
  "rotationEulerRad": [0.8726999760, 0.000000000, 1.701699972],
  "eulerOrder": "XYZ"
}
,
  "worldPose": {
  "translation": [-19.51605415, -0.9538412094, -4.749888420],
  "eulerOrder": "XYZ"
}
,
  "cuboids": [{
  "from": [-0.5000000000, -1.500000000, -0.5000000000],
  "to": [0.5000000000, 1.500000000, 5.500000000],
  "uvOrigin": [0, 0],
  "liftKind": "reference_java"
}
],
  "children": []
}
,{
  "id": "right_fin",
  "pose": {
  "translation": [-1.799999952, 0.8500000238, -2.599999905],
  "rotationEulerRad": [0.8726999760, 0.000000000, -1.701699972],
  "eulerOrder": "XYZ"
}
,
  "worldPose": {
  "translation": [19.51605415, -0.9538412094, -4.749888420],
  "eulerOrder": "XYZ"
}
,
  "cuboids": [{
  "from": [-0.5000000000, -1.500000000, -0.5000000000],
  "to": [0.5000000000, 1.500000000, 5.500000000],
  "uvOrigin": [0, 0],
  "liftKind": "reference_java"
}
],
  "children": []
}
,{
  "id": "tail",
  "pose": {
  "translation": [0.000000000, 1.000000000, 4.000000000],
  "rotationEulerRad": [0.000000000, 0.000000000, 0.000000000],
  "eulerOrder": "XYZ"
}
,
  "worldPose": {
  "translation": [0.000000000, 22.50000000, 4.000000000],
  "eulerOrder": "XYZ"
}
,
  "cuboids": [{
  "from": [-2.000000000, -1.500000000, 0.000000000],
  "to": [2.000000000, 1.500000000, 7.000000000],
  "uvOrigin": [0, 0],
  "liftKind": "reference_java"
}
],
  "children": [{
  "id": "tail_fin",
  "pose": {
  "translation": [0.000000000, 0.000000000, 6.000000000],
  "rotationEulerRad": [0.000000000, 0.000000000, 0.000000000],
  "eulerOrder": "XYZ"
}
,
  "worldPose": {
  "translation": [0.000000000, 22.50000000, 10.00000000],
  "eulerOrder": "XYZ"
}
,
  "cuboids": [{
  "from": [-4.000000000, -0.5000000000, -1.000000000],
  "to": [4.000000000, 0.5000000000, 3.000000000],
  "uvOrigin": [0, 0],
  "liftKind": "reference_java"
}
],
  "children": []
}
]
}
,{
  "id": "back_fin",
  "pose": {
  "translation": [0.000000000, -1.000000000, -2.700000048],
  "rotationEulerRad": [0.8726999760, 0.000000000, 0.000000000],
  "eulerOrder": "XYZ"
}
,
  "worldPose": {
  "translation": [0.000000000, 12.81935120, 13.77044392],
  "eulerOrder": "XYZ"
}
,
  "cuboids": [{
  "from": [-0.5000000000, -1.000000000, 1.000000000],
  "to": [0.5000000000, 2.000000000, 5.000000000],
  "uvOrigin": [0, 0],
  "liftKind": "reference_java"
}
],
  "children": []
}
]
}
]
}
],
  "renderCuboidCenters": [{
  "partId": "body",
  "renderCenterTexel": [0.000000000, 21.50000000, 0.000000000]
}
,{
  "partId": "head",
  "renderCenterTexel": [0.000000000, 21.50000000, -6.000000000]
}
,{
  "partId": "nose",
  "renderCenterTexel": [0.000000000, 23.00000000, -9.000000000]
}
,{
  "partId": "left_fin",
  "renderCenterTexel": [3.698782444, 22.59998703, -0.9930984974]
}
,{
  "partId": "right_fin",
  "renderCenterTexel": [-3.698782444, 22.59998703, -0.9930984974]
}
,{
  "partId": "tail",
  "renderCenterTexel": [0.000000000, 20.44275093, 6.831559181]
}
,{
  "partId": "tail_fin",
  "renderCenterTexel": [0.000000000, 18.38550377, 9.663118362]
}
,{
  "partId": "back_fin",
  "renderCenterTexel": [0.000000000, 18.52317810, -0.3886849284]
}

  ],
  "renderPartAffines": [{
  "id": "body",
  "matrixRowMajor": [
    [1.000000000, 0.000000000, 0.000000000, 0.000000000],
    [0.000000000, 1.000000000, 0.000000000, 0.000000000],
    [0.000000000, 0.000000000, 1.000000000, 0.000000000],
    [0.000000000, 1.343750000, 0.000000000, 1.000000000]
  ]
}
,{
  "id": "head",
  "matrixRowMajor": [
    [1.000000000, 0.000000000, 0.000000000, 0.000000000],
    [0.000000000, 1.000000000, 0.000000000, 0.000000000],
    [0.000000000, 0.000000000, 1.000000000, 0.000000000],
    [0.000000000, 1.406250000, -0.2500000000, 1.000000000]
  ]
}
,{
  "id": "nose",
  "matrixRowMajor": [
    [1.000000000, 0.000000000, 0.000000000, 0.000000000],
    [0.000000000, 1.000000000, 0.000000000, 0.000000000],
    [0.000000000, 0.000000000, 1.000000000, 0.000000000],
    [0.000000000, 1.437500000, -0.5000000000, 1.000000000]
  ]
}
,{
  "id": "left_fin",
  "matrixRowMajor": [
    [-0.1305301189, 0.9914444089, 2.980232239e-08, 0.000000000],
    [-0.6372613311, -0.08389961720, 0.7660671473, 0.000000000],
    [0.7595130205, 0.09999480844, 0.6427605748, 0.000000000],
    [0.1124999970, 1.396875024, -0.1624999940, 1.000000000]
  ]
}
,{
  "id": "right_fin",
  "matrixRowMajor": [
    [-0.1305301189, -0.9914444089, -2.980232239e-08, 0.000000000],
    [0.6372613311, -0.08389961720, 0.7660671473, 0.000000000],
    [-0.7595130205, 0.09999480844, 0.6427605748, 0.000000000],
    [-0.1124999970, 1.396875024, -0.1624999940, 1.000000000]
  ]
}
,{
  "id": "tail",
  "matrixRowMajor": [
    [0.9999999404, 0.000000000, 0.000000000, 0.000000000],
    [0.000000000, 0.8090168834, 0.5877852440, 0.000000000],
    [0.000000000, -0.5877852440, 0.8090168834, 0.000000000],
    [0.000000000, 1.406250000, 0.2500000000, 1.000000000]
  ]
}
,{
  "id": "tail_fin",
  "matrixRowMajor": [
    [0.9999999404, 0.000000000, 0.000000000, 0.000000000],
    [0.000000000, 0.8090168834, 0.5877852440, 0.000000000],
    [0.000000000, -0.5877852440, 0.8090168834, 0.000000000],
    [0.000000000, 1.185830593, 0.5533813238, 1.000000000]
  ]
}
,{
  "id": "back_fin",
  "matrixRowMajor": [
    [1.000000000, 0.000000000, 0.000000000, 0.000000000],
    [0.000000000, 0.6427605152, 0.7660671473, 0.000000000],
    [0.000000000, -0.7660671473, 0.6427605152, 0.000000000],
    [0.000000000, 1.281250000, -0.1687500030, 1.000000000]
  ]
}

  ]
}
