{
  "schemaVersion": 2,
  "versionLabel": "26.1.2",
  "officialJvmName": "net.minecraft.client.model.monster.guardian.GuardianModel",
  "extractionStatus": "reference_java",
  "factoryMethod": "createBodyLayer",
  "meshHostJvmName": "net.minecraft.client.model.monster.guardian.GuardianModel",
  "roots": [{
  "id": "root",
  "pose": {
  "translation": [0.000000000, 0.000000000, 0.000000000],
  "rotationEulerRad": [0.000000000, 0.000000000, 0.000000000],
  "eulerOrder": "XYZ"
}
,
  "worldPose": {
  "translation": [0.000000000, 0.000000000, 0.000000000],
  "eulerOrder": "XYZ"
}
,
  "cuboids": [],
  "children": [{
  "id": "head",
  "pose": {
  "translation": [0.000000000, 0.000000000, 0.000000000],
  "rotationEulerRad": [0.000000000, 0.000000000, 0.000000000],
  "eulerOrder": "XYZ"
}
,
  "worldPose": {
  "translation": [0.000000000, 0.000000000, 0.000000000],
  "eulerOrder": "XYZ"
}
,
  "cuboids": [{
  "from": [-6.000000000, 10.00000000, -8.000000000],
  "to": [6.000000000, 22.00000000, 8.000000000],
  "uvOrigin": [0, 0],
  "liftKind": "reference_java"
}
,{
  "from": [-8.000000000, 10.00000000, -6.000000000],
  "to": [-6.000000000, 22.00000000, 6.000000000],
  "uvOrigin": [0, 0],
  "liftKind": "reference_java"
}
,{
  "from": [6.000000000, 10.00000000, -6.000000000],
  "to": [8.000000000, 22.00000000, 6.000000000],
  "uvOrigin": [0, 0],
  "liftKind": "reference_java"
}
,{
  "from": [-6.000000000, 8.000000000, -6.000000000],
  "to": [6.000000000, 10.00000000, 6.000000000],
  "uvOrigin": [0, 0],
  "liftKind": "reference_java"
}
,{
  "from": [-6.000000000, 22.00000000, -6.000000000],
  "to": [6.000000000, 24.00000000, 6.000000000],
  "uvOrigin": [0, 0],
  "liftKind": "reference_java"
}
],
  "children": [{
  "id": "spike10",
  "pose": {
  "translation": [7.932870865, 23.93287086, 0.000000000],
  "rotationEulerRad": [0.000000000, 0.000000000, 2.356194496],
  "eulerOrder": "XYZ"
}
,
  "worldPose": {
  "translation": [7.932870865, 23.93287086, 0.000000000],
  "eulerOrder": "XYZ"
}
,
  "cuboids": [{
  "from": [-1.000000000, -4.500000000, -1.000000000],
  "to": [1.000000000, 4.500000000, 1.000000000],
  "uvOrigin": [0, 0],
  "liftKind": "reference_java"
}
],
  "children": []
}
,{
  "id": "spike11",
  "pose": {
  "translation": [-8.000352859, 24.00035286, 0.000000000],
  "rotationEulerRad": [0.000000000, 0.000000000, 3.926990986],
  "eulerOrder": "XYZ"
}
,
  "worldPose": {
  "translation": [-8.000352859, 24.00035286, 0.000000000],
  "eulerOrder": "XYZ"
}
,
  "cuboids": [{
  "from": [-1.000000000, -4.500000000, -1.000000000],
  "to": [1.000000000, 4.500000000, 1.000000000],
  "uvOrigin": [0, 0],
  "liftKind": "reference_java"
}
],
  "children": []
}
,{
  "id": "spike6",
  "pose": {
  "translation": [8.076812744, 16.00000000, 8.076812744],
  "rotationEulerRad": [1.570796371, 3.926990986, 0.000000000],
  "eulerOrder": "XYZ"
}
,
  "worldPose": {
  "translation": [8.076812744, 16.00000000, 8.076812744],
  "eulerOrder": "XYZ"
}
,
  "cuboids": [{
  "from": [-1.000000000, -4.500000000, -1.000000000],
  "to": [1.000000000, 4.500000000, 1.000000000],
  "uvOrigin": [0, 0],
  "liftKind": "reference_java"
}
],
  "children": []
}
,{
  "id": "spike7",
  "pose": {
  "translation": [-8.060315132, 16.00000000, 8.060315132],
  "rotationEulerRad": [1.570796371, 2.356194496, 0.000000000],
  "eulerOrder": "XYZ"
}
,
  "worldPose": {
  "translation": [-8.060315132, 16.00000000, 8.060315132],
  "eulerOrder": "XYZ"
}
,
  "cuboids": [{
  "from": [-1.000000000, -4.500000000, -1.000000000],
  "to": [1.000000000, 4.500000000, 1.000000000],
  "uvOrigin": [0, 0],
  "liftKind": "reference_java"
}
],
  "children": []
}
,{
  "id": "spike8",
  "pose": {
  "translation": [0.000000000, 23.98836136, 7.988360405],
  "rotationEulerRad": [3.926990986, 0.000000000, 0.000000000],
  "eulerOrder": "XYZ"
}
,
  "worldPose": {
  "translation": [0.000000000, 23.98836136, 7.988360405],
  "eulerOrder": "XYZ"
}
,
  "cuboids": [{
  "from": [-1.000000000, -4.500000000, -1.000000000],
  "to": [1.000000000, 4.500000000, 1.000000000],
  "uvOrigin": [0, 0],
  "liftKind": "reference_java"
}
],
  "children": []
}
,{
  "id": "spike9",
  "pose": {
  "translation": [0.000000000, 23.92711067, -7.927110672],
  "rotationEulerRad": [2.356194496, 0.000000000, 0.000000000],
  "eulerOrder": "XYZ"
}
,
  "worldPose": {
  "translation": [0.000000000, 23.92711067, -7.927110672],
  "eulerOrder": "XYZ"
}
,
  "cuboids": [{
  "from": [-1.000000000, -4.500000000, -1.000000000],
  "to": [1.000000000, 4.500000000, 1.000000000],
  "uvOrigin": [0, 0],
  "liftKind": "reference_java"
}
],
  "children": []
}
,{
  "id": "eye",
  "pose": {
  "translation": [0.000000000, 0.000000000, -8.250000000],
  "rotationEulerRad": [0.000000000, 0.000000000, 0.000000000],
  "eulerOrder": "XYZ"
}
,
  "worldPose": {
  "translation": [0.000000000, 0.000000000, -8.250000000],
  "eulerOrder": "XYZ"
}
,
  "cuboids": [{
  "from": [-1.000000000, 15.00000000, 0.000000000],
  "to": [1.000000000, 17.00000000, 1.000000000],
  "uvOrigin": [0, 0],
  "liftKind": "reference_java"
}
],
  "children": []
}
,{
  "id": "tail0",
  "pose": {
  "translation": [0.000000000, 0.000000000, 0.000000000],
  "rotationEulerRad": [0.000000000, 0.000000000, 0.000000000],
  "eulerOrder": "XYZ"
}
,
  "worldPose": {
  "translation": [0.000000000, 0.000000000, 0.000000000],
  "eulerOrder": "XYZ"
}
,
  "cuboids": [{
  "from": [-2.000000000, 14.00000000, 7.000000000],
  "to": [2.000000000, 18.00000000, 15.00000000],
  "uvOrigin": [0, 0],
  "liftKind": "reference_java"
}
],
  "children": [{
  "id": "tail1",
  "pose": {
  "translation": [-1.500000000, 0.5000000000, 14.00000000],
  "rotationEulerRad": [0.000000000, 0.000000000, 0.000000000],
  "eulerOrder": "XYZ"
}
,
  "worldPose": {
  "translation": [-1.500000000, 0.5000000000, 14.00000000],
  "eulerOrder": "XYZ"
}
,
  "cuboids": [{
  "from": [0.000000000, 14.00000000, 0.000000000],
  "to": [3.000000000, 17.00000000, 7.000000000],
  "uvOrigin": [0, 0],
  "liftKind": "reference_java"
}
],
  "children": [{
  "id": "tail2",
  "pose": {
  "translation": [0.5000000000, 0.5000000000, 6.000000000],
  "rotationEulerRad": [0.000000000, 0.000000000, 0.000000000],
  "eulerOrder": "XYZ"
}
,
  "worldPose": {
  "translation": [-1.000000000, 1.000000000, 20.00000000],
  "eulerOrder": "XYZ"
}
,
  "cuboids": [{
  "from": [0.000000000, 14.00000000, 0.000000000],
  "to": [2.000000000, 16.00000000, 6.000000000],
  "uvOrigin": [0, 0],
  "liftKind": "reference_java"
}
,{
  "from": [1.000000000, 10.50000000, 3.000000000],
  "to": [2.000000000, 19.50000000, 12.00000000],
  "uvOrigin": [0, 0],
  "liftKind": "reference_java"
}
],
  "children": []
}
]
}
]
}
,{
  "id": "spike0",
  "pose": {
  "translation": [0.000000000, 7.920000076, 8.079999924],
  "rotationEulerRad": [5.497787476, 0.000000000, 0.000000000],
  "eulerOrder": "XYZ"
}
,
  "worldPose": {
  "translation": [0.000000000, 7.920000076, 8.079999924],
  "eulerOrder": "XYZ"
}
,
  "cuboids": [{
  "from": [-1.000000000, -4.500000000, -1.000000000],
  "to": [1.000000000, 4.500000000, 1.000000000],
  "uvOrigin": [0, 0],
  "liftKind": "reference_java"
}
],
  "children": []
}
,{
  "id": "spike1",
  "pose": {
  "translation": [0.000000000, 7.956773758, -8.043226242],
  "rotationEulerRad": [0.7853981853, 0.000000000, 0.000000000],
  "eulerOrder": "XYZ"
}
,
  "worldPose": {
  "translation": [0.000000000, 7.956773758, -8.043226242],
  "eulerOrder": "XYZ"
}
,
  "cuboids": [{
  "from": [-1.000000000, -4.500000000, -1.000000000],
  "to": [1.000000000, 4.500000000, 1.000000000],
  "uvOrigin": [0, 0],
  "liftKind": "reference_java"
}
],
  "children": []
}
,{
  "id": "spike2",
  "pose": {
  "translation": [7.966713428, 8.033287048, 0.000000000],
  "rotationEulerRad": [0.000000000, 0.000000000, 0.7853981853],
  "eulerOrder": "XYZ"
}
,
  "worldPose": {
  "translation": [7.966713428, 8.033287048, 0.000000000],
  "eulerOrder": "XYZ"
}
,
  "cuboids": [{
  "from": [-1.000000000, -4.500000000, -1.000000000],
  "to": [1.000000000, 4.500000000, 1.000000000],
  "uvOrigin": [0, 0],
  "liftKind": "reference_java"
}
],
  "children": []
}
,{
  "id": "spike3",
  "pose": {
  "translation": [-7.920800686, 8.079198837, 0.000000000],
  "rotationEulerRad": [0.000000000, 0.000000000, 5.497787476],
  "eulerOrder": "XYZ"
}
,
  "worldPose": {
  "translation": [-7.920800686, 8.079198837, 0.000000000],
  "eulerOrder": "XYZ"
}
,
  "cuboids": [{
  "from": [-1.000000000, -4.500000000, -1.000000000],
  "to": [1.000000000, 4.500000000, 1.000000000],
  "uvOrigin": [0, 0],
  "liftKind": "reference_java"
}
],
  "children": []
}
,{
  "id": "spike4",
  "pose": {
  "translation": [-7.947705746, 16.00000000, -7.947705746],
  "rotationEulerRad": [1.570796371, 0.7853981853, 0.000000000],
  "eulerOrder": "XYZ"
}
,
  "worldPose": {
  "translation": [-7.947705746, 16.00000000, -7.947705746],
  "eulerOrder": "XYZ"
}
,
  "cuboids": [{
  "from": [-1.000000000, -4.500000000, -1.000000000],
  "to": [1.000000000, 4.500000000, 1.000000000],
  "uvOrigin": [0, 0],
  "liftKind": "reference_java"
}
],
  "children": []
}
,{
  "id": "spike5",
  "pose": {
  "translation": [8.022686005, 16.00000000, -8.022686005],
  "rotationEulerRad": [1.570796371, 5.497787476, 0.000000000],
  "eulerOrder": "XYZ"
}
,
  "worldPose": {
  "translation": [8.022686005, 16.00000000, -8.022686005],
  "eulerOrder": "XYZ"
}
,
  "cuboids": [{
  "from": [-1.000000000, -4.500000000, -1.000000000],
  "to": [1.000000000, 4.500000000, 1.000000000],
  "uvOrigin": [0, 0],
  "liftKind": "reference_java"
}
],
  "children": []
}
]
}
]
}
],
  "renderCuboidCenters": [{
  "partId": "head",
  "renderCenterTexel": [0.000000000, 16.00000000, 0.000000000]
}
,{
  "partId": "head",
  "renderCenterTexel": [-7.000000000, 16.00000000, 0.000000000]
}
,{
  "partId": "head",
  "renderCenterTexel": [7.000000000, 16.00000000, 0.000000000]
}
,{
  "partId": "head",
  "renderCenterTexel": [0.000000000, 9.000000000, 0.000000000]
}
,{
  "partId": "head",
  "renderCenterTexel": [0.000000000, 23.00000000, 0.000000000]
}
,{
  "partId": "spike10",
  "renderCenterTexel": [7.932870865, 23.93287086, 0.000000000]
}
,{
  "partId": "spike11",
  "renderCenterTexel": [-8.000352859, 24.00035286, 0.000000000]
}
,{
  "partId": "spike6",
  "renderCenterTexel": [8.076812744, 16.00000000, 8.076812744]
}
,{
  "partId": "spike7",
  "renderCenterTexel": [-8.060315132, 16.00000000, 8.060315132]
}
,{
  "partId": "spike8",
  "renderCenterTexel": [0.000000000, 23.98836136, 7.988360405]
}
,{
  "partId": "spike9",
  "renderCenterTexel": [0.000000000, 23.92711067, -7.927110672]
}
,{
  "partId": "eye",
  "renderCenterTexel": [0.000000000, 16.00000000, -7.750000000]
}
,{
  "partId": "tail0",
  "renderCenterTexel": [0.000000000, 16.00000000, 11.00000000]
}
,{
  "partId": "tail1",
  "renderCenterTexel": [0.000000000, 16.00000000, 17.50000000]
}
,{
  "partId": "tail2",
  "renderCenterTexel": [0.000000000, 16.00000000, 23.00000000]
}
,{
  "partId": "tail2",
  "renderCenterTexel": [0.5000000000, 16.00000000, 27.50000000]
}
,{
  "partId": "spike0",
  "renderCenterTexel": [0.000000000, 7.920000076, 8.079999924]
}
,{
  "partId": "spike1",
  "renderCenterTexel": [0.000000000, 7.956773758, -8.043226242]
}
,{
  "partId": "spike2",
  "renderCenterTexel": [7.966713428, 8.033287048, 0.000000000]
}
,{
  "partId": "spike3",
  "renderCenterTexel": [-7.920800686, 8.079198837, 0.000000000]
}
,{
  "partId": "spike4",
  "renderCenterTexel": [-7.947705746, 16.00000000, -7.947705746]
}
,{
  "partId": "spike5",
  "renderCenterTexel": [8.022686005, 16.00000000, -8.022686005]
}

  ],
  "renderPartAffines": [{
  "id": "head",
  "matrixRowMajor": [
    [1.000000000, 0.000000000, 0.000000000, 0.000000000],
    [0.000000000, 1.000000000, 0.000000000, 0.000000000],
    [0.000000000, 0.000000000, 1.000000000, 0.000000000],
    [0.000000000, 0.000000000, 0.000000000, 1.000000000]
  ]
}
,{
  "id": "spike10",
  "matrixRowMajor": [
    [-0.7071067095, 0.7071068287, 0.000000000, 0.000000000],
    [-0.7071068287, -0.7071067095, 0.000000000, 0.000000000],
    [0.000000000, 0.000000000, 1.000000000, 0.000000000],
    [0.4958044291, 1.495804429, 0.000000000, 1.000000000]
  ]
}
,{
  "id": "spike11",
  "matrixRowMajor": [
    [-0.7071067095, -0.7071068287, 0.000000000, 0.000000000],
    [0.7071068287, -0.7071067095, 0.000000000, 0.000000000],
    [-0.000000000, 0.000000000, 1.000000000, 0.000000000],
    [-0.5000220537, 1.500022054, 0.000000000, 1.000000000]
  ]
}
,{
  "id": "spike6",
  "matrixRowMajor": [
    [-0.7071066499, 0.000000000, 0.7071068287, 0.000000000],
    [-0.7071068287, 0.000000000, -0.7071066499, 0.000000000],
    [0.000000000, -0.9999999404, 0.000000000, 0.000000000],
    [0.5048007965, 1.000000000, 0.5048007965, 1.000000000]
  ]
}
,{
  "id": "spike7",
  "matrixRowMajor": [
    [-0.7071066499, 0.000000000, -0.7071068287, 0.000000000],
    [0.7071068287, 0.000000000, -0.7071066499, 0.000000000],
    [0.000000000, -0.9999999404, 0.000000000, 0.000000000],
    [-0.5037696958, 1.000000000, 0.5037696958, 1.000000000]
  ]
}
,{
  "id": "spike8",
  "matrixRowMajor": [
    [1.000000000, 0.000000000, 0.000000000, 0.000000000],
    [0.000000000, -0.7071067095, -0.7071068287, 0.000000000],
    [-0.000000000, 0.7071068287, -0.7071067095, 0.000000000],
    [0.000000000, 1.499272585, 0.4992725253, 1.000000000]
  ]
}
,{
  "id": "spike9",
  "matrixRowMajor": [
    [1.000000000, 0.000000000, 0.000000000, 0.000000000],
    [0.000000000, -0.7071067095, 0.7071068287, 0.000000000],
    [0.000000000, -0.7071068287, -0.7071067095, 0.000000000],
    [0.000000000, 1.495444417, -0.4954444170, 1.000000000]
  ]
}
,{
  "id": "eye",
  "matrixRowMajor": [
    [1.000000000, 0.000000000, 0.000000000, 0.000000000],
    [0.000000000, 1.000000000, 0.000000000, 0.000000000],
    [0.000000000, 0.000000000, 1.000000000, 0.000000000],
    [0.000000000, 0.000000000, -0.5156250000, 1.000000000]
  ]
}
,{
  "id": "tail0",
  "matrixRowMajor": [
    [1.000000000, 0.000000000, 0.000000000, 0.000000000],
    [0.000000000, 1.000000000, 0.000000000, 0.000000000],
    [0.000000000, 0.000000000, 1.000000000, 0.000000000],
    [0.000000000, 0.000000000, 0.000000000, 1.000000000]
  ]
}
,{
  "id": "tail1",
  "matrixRowMajor": [
    [1.000000000, 0.000000000, 0.000000000, 0.000000000],
    [0.000000000, 1.000000000, 0.000000000, 0.000000000],
    [0.000000000, 0.000000000, 1.000000000, 0.000000000],
    [-0.09375000000, 0.03125000000, 0.8750000000, 1.000000000]
  ]
}
,{
  "id": "tail2",
  "matrixRowMajor": [
    [1.000000000, 0.000000000, 0.000000000, 0.000000000],
    [0.000000000, 1.000000000, 0.000000000, 0.000000000],
    [0.000000000, 0.000000000, 1.000000000, 0.000000000],
    [-0.06250000000, 0.06250000000, 1.250000000, 1.000000000]
  ]
}
,{
  "id": "spike0",
  "matrixRowMajor": [
    [1.000000000, 0.000000000, 0.000000000, 0.000000000],
    [0.000000000, 0.7071070671, -0.7071065903, 0.000000000],
    [-0.000000000, 0.7071065903, 0.7071070671, 0.000000000],
    [0.000000000, 0.4950000048, 0.5049999952, 1.000000000]
  ]
}
,{
  "id": "spike1",
  "matrixRowMajor": [
    [1.000000000, 0.000000000, 0.000000000, 0.000000000],
    [0.000000000, 0.7071067095, 0.7071068287, 0.000000000],
    [0.000000000, -0.7071068287, 0.7071067095, 0.000000000],
    [0.000000000, 0.4972983599, -0.5027016401, 1.000000000]
  ]
}
,{
  "id": "spike2",
  "matrixRowMajor": [
    [0.7071067095, 0.7071068287, 0.000000000, 0.000000000],
    [-0.7071068287, 0.7071067095, 0.000000000, 0.000000000],
    [0.000000000, 0.000000000, 1.000000000, 0.000000000],
    [0.4979195893, 0.5020804405, 0.000000000, 1.000000000]
  ]
}
,{
  "id": "spike3",
  "matrixRowMajor": [
    [0.7071070671, -0.7071065903, 0.000000000, 0.000000000],
    [0.7071065903, 0.7071070671, 0.000000000, 0.000000000],
    [-0.000000000, 0.000000000, 1.000000000, 0.000000000],
    [-0.4950500429, 0.5049499273, 0.000000000, 1.000000000]
  ]
}
,{
  "id": "spike4",
  "matrixRowMajor": [
    [0.7071067095, 0.000000000, -0.7071067691, 0.000000000],
    [0.7071067691, 0.000000000, 0.7071067095, 0.000000000],
    [0.000000000, -0.9999998808, 0.000000000, 0.000000000],
    [-0.4967316091, 1.000000000, -0.4967316091, 1.000000000]
  ]
}
,{
  "id": "spike5",
  "matrixRowMajor": [
    [0.7071070075, 0.000000000, 0.7071065307, 0.000000000],
    [-0.7071065307, 0.000000000, 0.7071070075, 0.000000000],
    [0.000000000, -0.9999999404, 0.000000000, 0.000000000],
    [0.5014178753, 1.000000000, -0.5014178753, 1.000000000]
  ]
}

  ]
}
