{
  "schemaVersion": 2,
  "versionLabel": "26.1.2",
  "officialJvmName": "net.minecraft.client.model.monster.strider.StriderModel",
  "extractionStatus": "reference_java",
  "factoryMethod": "createBodyLayer",
  "meshHostJvmName": "net.minecraft.client.model.monster.strider.AdultStriderModel",
  "roots": [{
  "id": "root",
  "pose": {
  "translation": [0.000000000, 0.000000000, 0.000000000],
  "rotationEulerRad": [0.000000000, 0.000000000, 0.000000000],
  "eulerOrder": "XYZ"
}
,
  "worldPose": {
  "translation": [0.000000000, 0.000000000, 0.000000000],
  "eulerOrder": "XYZ"
}
,
  "cuboids": [],
  "children": [{
  "id": "left_leg",
  "pose": {
  "translation": [4.000000000, 8.000000000, 0.000000000],
  "rotationEulerRad": [0.000000000, 0.000000000, 0.000000000],
  "eulerOrder": "XYZ"
}
,
  "worldPose": {
  "translation": [4.000000000, 8.000000000, 0.000000000],
  "eulerOrder": "XYZ"
}
,
  "cuboids": [{
  "from": [-2.000000000, 0.000000000, -2.000000000],
  "to": [2.000000000, 16.00000000, 2.000000000],
  "uvOrigin": [0, 0],
  "liftKind": "reference_java"
}
],
  "children": []
}
,{
  "id": "right_leg",
  "pose": {
  "translation": [-4.000000000, 8.000000000, 0.000000000],
  "rotationEulerRad": [0.000000000, 0.000000000, 0.000000000],
  "eulerOrder": "XYZ"
}
,
  "worldPose": {
  "translation": [-4.000000000, 8.000000000, 0.000000000],
  "eulerOrder": "XYZ"
}
,
  "cuboids": [{
  "from": [-2.000000000, 0.000000000, -2.000000000],
  "to": [2.000000000, 16.00000000, 2.000000000],
  "uvOrigin": [0, 0],
  "liftKind": "reference_java"
}
],
  "children": []
}
,{
  "id": "body",
  "pose": {
  "translation": [0.000000000, 1.000000000, 0.000000000],
  "rotationEulerRad": [0.000000000, 0.000000000, 0.000000000],
  "eulerOrder": "XYZ"
}
,
  "worldPose": {
  "translation": [0.000000000, 1.000000000, 0.000000000],
  "eulerOrder": "XYZ"
}
,
  "cuboids": [{
  "from": [-8.000000000, -6.000000000, -8.000000000],
  "to": [8.000000000, 8.000000000, 8.000000000],
  "uvOrigin": [0, 0],
  "liftKind": "reference_java"
}
],
  "children": [{
  "id": "right_top_bristle",
  "pose": {
  "translation": [-8.000000000, -5.000000000, -8.000000000],
  "rotationEulerRad": [0.000000000, 0.000000000, -0.8726646304],
  "eulerOrder": "XYZ"
}
,
  "worldPose": {
  "translation": [-7.233955383, -4.357212543, -8.000000000],
  "eulerOrder": "XYZ"
}
,
  "cuboids": [{
  "from": [-12.00000000, 0.000000000, 0.000000000],
  "to": [0.000000000, 0.000000000, 16.00000000],
  "uvOrigin": [0, 0],
  "liftKind": "reference_java"
}
],
  "children": []
}
,{
  "id": "right_bottom_bristle",
  "pose": {
  "translation": [-8.000000000, 4.000000000, -8.000000000],
  "rotationEulerRad": [0.000000000, 0.000000000, -1.221730471],
  "eulerOrder": "XYZ"
}
,
  "worldPose": {
  "translation": [-7.060307503, 4.342020035, -8.000000000],
  "eulerOrder": "XYZ"
}
,
  "cuboids": [{
  "from": [-12.00000000, 0.000000000, 0.000000000],
  "to": [0.000000000, 0.000000000, 16.00000000],
  "uvOrigin": [0, 0],
  "liftKind": "reference_java"
}
],
  "children": []
}
,{
  "id": "left_top_bristle",
  "pose": {
  "translation": [8.000000000, -6.000000000, -8.000000000],
  "rotationEulerRad": [0.000000000, 0.000000000, 0.8726646304],
  "eulerOrder": "XYZ"
}
,
  "worldPose": {
  "translation": [7.233955383, -5.357212543, -8.000000000],
  "eulerOrder": "XYZ"
}
,
  "cuboids": [{
  "from": [0.000000000, 0.000000000, 0.000000000],
  "to": [12.00000000, 0.000000000, 16.00000000],
  "uvOrigin": [0, 0],
  "liftKind": "reference_java"
}
],
  "children": []
}
,{
  "id": "left_bottom_bristle",
  "pose": {
  "translation": [8.000000000, 3.000000000, -8.000000000],
  "rotationEulerRad": [0.000000000, 0.000000000, 1.221730471],
  "eulerOrder": "XYZ"
}
,
  "worldPose": {
  "translation": [7.060307503, 3.342020035, -8.000000000],
  "eulerOrder": "XYZ"
}
,
  "cuboids": [{
  "from": [0.000000000, 0.000000000, 0.000000000],
  "to": [12.00000000, 0.000000000, 16.00000000],
  "uvOrigin": [0, 0],
  "liftKind": "reference_java"
}
],
  "children": []
}
,{
  "id": "right_middle_bristle",
  "pose": {
  "translation": [-8.000000000, -1.000000000, -8.000000000],
  "rotationEulerRad": [0.000000000, 0.000000000, -1.134464025],
  "eulerOrder": "XYZ"
}
,
  "worldPose": {
  "translation": [-7.093692303, -0.5773817301, -8.000000000],
  "eulerOrder": "XYZ"
}
,
  "cuboids": [{
  "from": [-12.00000000, 0.000000000, 0.000000000],
  "to": [0.000000000, 0.000000000, 16.00000000],
  "uvOrigin": [0, 0],
  "liftKind": "reference_java"
}
],
  "children": []
}
,{
  "id": "left_middle_bristle",
  "pose": {
  "translation": [8.000000000, -2.000000000, -8.000000000],
  "rotationEulerRad": [0.000000000, 0.000000000, 1.134464025],
  "eulerOrder": "XYZ"
}
,
  "worldPose": {
  "translation": [7.093692303, -1.577381730, -8.000000000],
  "eulerOrder": "XYZ"
}
,
  "cuboids": [{
  "from": [0.000000000, 0.000000000, 0.000000000],
  "to": [12.00000000, 0.000000000, 16.00000000],
  "uvOrigin": [0, 0],
  "liftKind": "reference_java"
}
],
  "children": []
}
]
}
]
}
],
  "renderCuboidCenters": [{
  "partId": "left_leg",
  "renderCenterTexel": [4.000000000, 16.00000000, 0.000000000]
}
,{
  "partId": "right_leg",
  "renderCenterTexel": [-4.000000000, 16.00000000, 0.000000000]
}
,{
  "partId": "body",
  "renderCenterTexel": [0.000000000, 2.000000000, 0.000000000]
}
,{
  "partId": "right_top_bristle",
  "renderCenterTexel": [-11.85672569, 0.5962667465, -4.768371582e-07]
}
,{
  "partId": "right_bottom_bristle",
  "renderCenterTexel": [-10.05212021, 10.63815594, 0.000000000]
}
,{
  "partId": "left_top_bristle",
  "renderCenterTexel": [11.85672569, -0.4037332535, -4.768371582e-07]
}
,{
  "partId": "left_bottom_bristle",
  "renderCenterTexel": [10.05212021, 9.638155937, 0.000000000]
}
,{
  "partId": "right_middle_bristle",
  "renderCenterTexel": [-10.53570938, 5.437847137, 0.000000000]
}
,{
  "partId": "left_middle_bristle",
  "renderCenterTexel": [10.53570938, 4.437847137, 0.000000000]
}

  ],
  "renderPartAffines": [{
  "id": "left_leg",
  "matrixRowMajor": [
    [1.000000000, 0.000000000, 0.000000000, 0.000000000],
    [0.000000000, 1.000000000, 0.000000000, 0.000000000],
    [0.000000000, 0.000000000, 1.000000000, 0.000000000],
    [0.2500000000, 0.5000000000, 0.000000000, 1.000000000]
  ]
}
,{
  "id": "right_leg",
  "matrixRowMajor": [
    [1.000000000, 0.000000000, 0.000000000, 0.000000000],
    [0.000000000, 1.000000000, 0.000000000, 0.000000000],
    [0.000000000, 0.000000000, 1.000000000, 0.000000000],
    [-0.2500000000, 0.5000000000, 0.000000000, 1.000000000]
  ]
}
,{
  "id": "body",
  "matrixRowMajor": [
    [1.000000000, 0.000000000, 0.000000000, 0.000000000],
    [0.000000000, 1.000000000, 0.000000000, 0.000000000],
    [0.000000000, 0.000000000, 1.000000000, 0.000000000],
    [0.000000000, 0.06250000000, 0.000000000, 1.000000000]
  ]
}
,{
  "id": "right_top_bristle",
  "matrixRowMajor": [
    [0.6427875161, -0.7660444379, -0.000000000, 0.000000000],
    [0.7660444379, 0.6427875161, 0.000000000, 0.000000000],
    [0.000000000, -0.000000000, 0.9999999404, 0.000000000],
    [-0.5000000000, -0.2500000000, -0.5000000000, 1.000000000]
  ]
}
,{
  "id": "right_bottom_bristle",
  "matrixRowMajor": [
    [0.3420200646, -0.9396926165, -0.000000000, 0.000000000],
    [0.9396926165, 0.3420200646, 0.000000000, 0.000000000],
    [0.000000000, -0.000000000, 1.000000000, 0.000000000],
    [-0.5000000000, 0.3125000000, -0.5000000000, 1.000000000]
  ]
}
,{
  "id": "left_top_bristle",
  "matrixRowMajor": [
    [0.6427875161, 0.7660444379, 0.000000000, 0.000000000],
    [-0.7660444379, 0.6427875161, 0.000000000, 0.000000000],
    [0.000000000, 0.000000000, 0.9999999404, 0.000000000],
    [0.5000000000, -0.3125000000, -0.5000000000, 1.000000000]
  ]
}
,{
  "id": "left_bottom_bristle",
  "matrixRowMajor": [
    [0.3420200646, 0.9396926165, 0.000000000, 0.000000000],
    [-0.9396926165, 0.3420200646, 0.000000000, 0.000000000],
    [0.000000000, 0.000000000, 1.000000000, 0.000000000],
    [0.5000000000, 0.2500000000, -0.5000000000, 1.000000000]
  ]
}
,{
  "id": "right_middle_bristle",
  "matrixRowMajor": [
    [0.4226181805, -0.9063078165, -0.000000000, 0.000000000],
    [0.9063078165, 0.4226181805, 0.000000000, 0.000000000],
    [0.000000000, -0.000000000, 1.000000000, 0.000000000],
    [-0.5000000000, 0.000000000, -0.5000000000, 1.000000000]
  ]
}
,{
  "id": "left_middle_bristle",
  "matrixRowMajor": [
    [0.4226181805, 0.9063078165, 0.000000000, 0.000000000],
    [-0.9063078165, 0.4226181805, 0.000000000, 0.000000000],
    [0.000000000, 0.000000000, 1.000000000, 0.000000000],
    [0.5000000000, -0.06250000000, -0.5000000000, 1.000000000]
  ]
}

  ]
}
