{
  "schemaVersion": 2,
  "versionLabel": "26.1.2",
  "officialJvmName": "net.minecraft.client.model.animal.dolphin.DolphinModel",
  "extractionStatus": "reference_java",
  "factoryMethod": "createBodyLayer",
  "meshHostJvmName": "net.minecraft.client.model.animal.dolphin.DolphinModel",
  "roots": [{
  "id": "root",
  "pose": {
  "translation": [0.000000000, 0.000000000, 0.000000000],
  "rotationEulerRad": [0.000000000, 0.000000000, 0.000000000],
  "eulerOrder": "XYZ"
}
,
  "worldPose": {
  "translation": [0.000000000, 0.000000000, 0.000000000],
  "eulerOrder": "XYZ"
}
,
  "cuboids": [],
  "children": [{
  "id": "body",
  "pose": {
  "translation": [0.000000000, 22.00000000, -5.000000000],
  "rotationEulerRad": [0.000000000, 0.000000000, 0.000000000],
  "eulerOrder": "XYZ"
}
,
  "worldPose": {
  "translation": [0.000000000, 22.00000000, -5.000000000],
  "eulerOrder": "XYZ"
}
,
  "cuboids": [{
  "from": [-4.000000000, -7.000000000, 0.000000000],
  "to": [4.000000000, 0.000000000, 13.00000000],
  "uvOrigin": [0, 0],
  "liftKind": "reference_java"
}
],
  "children": [{
  "id": "head",
  "pose": {
  "translation": [0.000000000, -4.000000000, -3.000000000],
  "rotationEulerRad": [0.000000000, 0.000000000, 0.000000000],
  "eulerOrder": "XYZ"
}
,
  "worldPose": {
  "translation": [0.000000000, 18.00000000, -8.000000000],
  "eulerOrder": "XYZ"
}
,
  "cuboids": [{
  "from": [-4.000000000, -3.000000000, -3.000000000],
  "to": [4.000000000, 4.000000000, 3.000000000],
  "uvOrigin": [0, 0],
  "liftKind": "reference_java"
}
],
  "children": [{
  "id": "nose",
  "pose": {
  "translation": [0.000000000, 0.000000000, 0.000000000],
  "rotationEulerRad": [0.000000000, 0.000000000, 0.000000000],
  "eulerOrder": "XYZ"
}
,
  "worldPose": {
  "translation": [0.000000000, 18.00000000, -8.000000000],
  "eulerOrder": "XYZ"
}
,
  "cuboids": [{
  "from": [-1.000000000, 2.000000000, -7.000000000],
  "to": [1.000000000, 4.000000000, -3.000000000],
  "uvOrigin": [0, 0],
  "liftKind": "reference_java"
}
],
  "children": []
}
]
}
,{
  "id": "left_fin",
  "pose": {
  "translation": [2.000000000, -2.000000000, 4.000000000],
  "rotationEulerRad": [1.047197580, 0.000000000, 2.094395161],
  "eulerOrder": "XYZ"
}
,
  "worldPose": {
  "translation": [-17.05255890, -3.169872761, -8.026281357],
  "eulerOrder": "XYZ"
}
,
  "cuboids": [{
  "from": [-0.5000000000, -4.000000000, 0.000000000],
  "to": [0.5000000000, 0.000000000, 7.000000000],
  "uvOrigin": [0, 0],
  "liftKind": "reference_java"
}
],
  "children": []
}
,{
  "id": "right_fin",
  "pose": {
  "translation": [-2.000000000, -2.000000000, 4.000000000],
  "rotationEulerRad": [1.047197580, 0.000000000, -2.094395161],
  "eulerOrder": "XYZ"
}
,
  "worldPose": {
  "translation": [17.05255890, -3.169872761, -8.026281357],
  "eulerOrder": "XYZ"
}
,
  "cuboids": [{
  "from": [-0.5000000000, -4.000000000, 0.000000000],
  "to": [0.5000000000, 0.000000000, 7.000000000],
  "uvOrigin": [0, 0],
  "liftKind": "reference_java"
}
],
  "children": []
}
,{
  "id": "tail",
  "pose": {
  "translation": [0.000000000, -2.500000000, 11.00000000],
  "rotationEulerRad": [-0.1047197580, 0.000000000, 0.000000000],
  "eulerOrder": "XYZ"
}
,
  "worldPose": {
  "translation": [0.000000000, 18.85684013, 3.727764130],
  "eulerOrder": "XYZ"
}
,
  "cuboids": [{
  "from": [-2.000000000, -2.500000000, 0.000000000],
  "to": [2.000000000, 2.500000000, 11.00000000],
  "uvOrigin": [0, 0],
  "liftKind": "reference_java"
}
],
  "children": [{
  "id": "tail_fin",
  "pose": {
  "translation": [0.000000000, 0.000000000, 9.000000000],
  "rotationEulerRad": [0.000000000, 0.000000000, 0.000000000],
  "eulerOrder": "XYZ"
}
,
  "worldPose": {
  "translation": [0.000000000, 18.85684013, 12.72776413],
  "eulerOrder": "XYZ"
}
,
  "cuboids": [{
  "from": [-5.000000000, -0.5000000000, 0.000000000],
  "to": [5.000000000, 0.5000000000, 6.000000000],
  "uvOrigin": [0, 0],
  "liftKind": "reference_java"
}
],
  "children": []
}
]
}
,{
  "id": "back_fin",
  "pose": {
  "translation": [0.000000000, 0.000000000, 0.000000000],
  "rotationEulerRad": [1.047197580, 0.000000000, 0.000000000],
  "eulerOrder": "XYZ"
}
,
  "worldPose": {
  "translation": [0.000000000, 15.33012581, 16.55255890],
  "eulerOrder": "XYZ"
}
,
  "cuboids": [{
  "from": [-0.5000000000, 0.000000000, 8.000000000],
  "to": [0.5000000000, 4.000000000, 13.00000000],
  "uvOrigin": [0, 0],
  "liftKind": "reference_java"
}
],
  "children": []
}
]
}
]
}
],
  "renderCuboidCenters": [{
  "partId": "body",
  "renderCenterTexel": [0.000000000, 18.50000000, 1.500000000]
}
,{
  "partId": "head",
  "renderCenterTexel": [0.000000000, 18.50000000, -8.000000000]
}
,{
  "partId": "nose",
  "renderCenterTexel": [0.000000000, 21.00000000, -13.00000000]
}
,{
  "partId": "left_fin",
  "renderCenterTexel": [5.491024971, 22.01554489, -0.9820510149]
}
,{
  "partId": "right_fin",
  "renderCenterTexel": [-5.491024971, 22.01554489, -0.9820510149]
}
,{
  "partId": "tail",
  "renderCenterTexel": [0.000000000, 16.26718140, 10.44959259]
}
,{
  "partId": "tail_fin",
  "renderCenterTexel": [0.000000000, 12.44657707, 15.70820236]
}
,{
  "partId": "back_fin",
  "renderCenterTexel": [0.000000000, 13.90673351, 1.982050776]
}

  ],
  "renderPartAffines": [{
  "id": "body",
  "matrixRowMajor": [
    [1.000000000, 0.000000000, 0.000000000, 0.000000000],
    [0.000000000, 1.000000000, 0.000000000, 0.000000000],
    [0.000000000, 0.000000000, 1.000000000, 0.000000000],
    [0.000000000, 1.375000000, -0.3125000000, 1.000000000]
  ]
}
,{
  "id": "head",
  "matrixRowMajor": [
    [1.000000000, 0.000000000, 0.000000000, 0.000000000],
    [0.000000000, 1.000000000, 0.000000000, 0.000000000],
    [0.000000000, 0.000000000, 1.000000000, 0.000000000],
    [0.000000000, 1.125000000, -0.5000000000, 1.000000000]
  ]
}
,{
  "id": "nose",
  "matrixRowMajor": [
    [1.000000000, 0.000000000, 0.000000000, 0.000000000],
    [0.000000000, 1.000000000, 0.000000000, 0.000000000],
    [0.000000000, 0.000000000, 1.000000000, 0.000000000],
    [0.000000000, 1.125000000, -0.5000000000, 1.000000000]
  ]
}
,{
  "id": "left_fin",
  "matrixRowMajor": [
    [-0.5000000596, 0.8660253286, -2.980232239e-08, 0.000000000],
    [-0.4330126345, -0.2500000596, 0.8660253882, 0.000000000],
    [0.7499998808, 0.4330127835, 0.4999999404, 0.000000000],
    [0.1250000000, 1.250000000, -0.06250000000, 1.000000000]
  ]
}
,{
  "id": "right_fin",
  "matrixRowMajor": [
    [-0.5000000596, -0.8660253286, 2.980232239e-08, 0.000000000],
    [0.4330126345, -0.2500000596, 0.8660253882, 0.000000000],
    [-0.7499998808, 0.4330127835, 0.4999999404, 0.000000000],
    [-0.1250000000, 1.250000000, -0.06250000000, 1.000000000]
  ]
}
,{
  "id": "tail",
  "matrixRowMajor": [
    [0.9999999404, 0.000000000, 0.000000000, 0.000000000],
    [0.000000000, 0.8090168834, 0.5877852440, 0.000000000],
    [0.000000000, -0.5877852440, 0.8090168834, 0.000000000],
    [0.000000000, 1.218750000, 0.3750000000, 1.000000000]
  ]
}
,{
  "id": "tail_fin",
  "matrixRowMajor": [
    [0.9999999404, 0.000000000, 0.000000000, 0.000000000],
    [0.000000000, 0.8090168834, 0.5877852440, 0.000000000],
    [0.000000000, -0.5877852440, 0.8090168834, 0.000000000],
    [0.000000000, 0.8881207705, 0.8300719857, 1.000000000]
  ]
}
,{
  "id": "back_fin",
  "matrixRowMajor": [
    [1.000000000, 0.000000000, 0.000000000, 0.000000000],
    [0.000000000, 0.5000000000, 0.8660253882, 0.000000000],
    [0.000000000, -0.8660253882, 0.5000000000, 0.000000000],
    [0.000000000, 1.375000000, -0.3125000000, 1.000000000]
  ]
}

  ]
}
