{
  "schemaVersion": 2,
  "versionLabel": "26.1.2",
  "officialJvmName": "net.minecraft.client.model.animal.equine.HorseModel",
  "extractionStatus": "reference_java",
  "factoryMethod": "createBabyMesh",
  "meshHostJvmName": "net.minecraft.client.model.animal.equine.BabyHorseModel",
  "roots": [{
  "id": "root",
  "pose": {
  "translation": [0.000000000, 0.000000000, 0.000000000],
  "rotationEulerRad": [0.000000000, 0.000000000, 0.000000000],
  "eulerOrder": "XYZ"
}
,
  "worldPose": {
  "translation": [0.000000000, 0.000000000, 0.000000000],
  "eulerOrder": "XYZ"
}
,
  "cuboids": [],
  "children": [{
  "id": "right_front_leg",
  "pose": {
  "translation": [-2.400000095, 16.00000000, -5.400000095],
  "rotationEulerRad": [0.000000000, 0.000000000, 0.000000000],
  "eulerOrder": "XYZ"
}
,
  "worldPose": {
  "translation": [-2.400000095, 16.00000000, -5.400000095],
  "eulerOrder": "XYZ"
}
,
  "cuboids": [{
  "from": [-1.500000000, -1.000000000, -1.500000000],
  "to": [1.500000000, 8.000000000, 1.500000000],
  "uvOrigin": [0, 0],
  "liftKind": "reference_java"
}
],
  "children": []
}
,{
  "id": "right_hind_leg",
  "pose": {
  "translation": [-2.400000095, 16.00000000, 5.400000095],
  "rotationEulerRad": [0.000000000, 0.000000000, 0.000000000],
  "eulerOrder": "XYZ"
}
,
  "worldPose": {
  "translation": [-2.400000095, 16.00000000, 5.400000095],
  "eulerOrder": "XYZ"
}
,
  "cuboids": [{
  "from": [-1.500000000, -1.000000000, -1.500000000],
  "to": [1.500000000, 8.000000000, 1.500000000],
  "uvOrigin": [0, 0],
  "liftKind": "reference_java"
}
],
  "children": []
}
,{
  "id": "left_hind_leg",
  "pose": {
  "translation": [2.400000095, 16.00000000, 5.400000095],
  "rotationEulerRad": [0.000000000, 0.000000000, 0.000000000],
  "eulerOrder": "XYZ"
}
,
  "worldPose": {
  "translation": [2.400000095, 16.00000000, 5.400000095],
  "eulerOrder": "XYZ"
}
,
  "cuboids": [{
  "from": [-1.500000000, -1.000000000, -1.500000000],
  "to": [1.500000000, 8.000000000, 1.500000000],
  "uvOrigin": [0, 0],
  "liftKind": "reference_java"
}
],
  "children": []
}
,{
  "id": "head_parts",
  "pose": {
  "translation": [0.000000000, 10.00000000, -6.000000000],
  "rotationEulerRad": [0.6108999848, 0.000000000, 0.000000000],
  "eulerOrder": "XYZ"
}
,
  "worldPose": {
  "translation": [0.000000000, 10.00000000, -6.000000000],
  "eulerOrder": "XYZ"
}
,
  "cuboids": [{
  "from": [-2.000000000, -6.000000000, -2.000000000],
  "to": [2.000000000, 2.000000000, 2.000000000],
  "uvOrigin": [0, 0],
  "liftKind": "reference_java"
}
],
  "children": [{
  "id": "head",
  "pose": {
  "translation": [0.000000000, -6.051599979, -0.2951000035],
  "rotationEulerRad": [0.000000000, 0.000000000, 0.000000000],
  "eulerOrder": "XYZ"
}
,
  "worldPose": {
  "translation": [0.000000000, 3.948400021, -6.295100212],
  "eulerOrder": "XYZ"
}
,
  "cuboids": [{
  "from": [-3.000000000, -3.948400021, -6.704999924],
  "to": [3.000000000, 0.05159997940, 2.295000076],
  "uvOrigin": [0, 0],
  "liftKind": "reference_java"
}
],
  "children": [{
  "id": "right_ear",
  "pose": {
  "translation": [-2.000000000, -4.248400211, 1.644999981],
  "rotationEulerRad": [0.000000000, 0.000000000, -0.2617999911],
  "eulerOrder": "XYZ"
}
,
  "worldPose": {
  "translation": [-0.9780765772, -0.4345390797, -4.650100231],
  "eulerOrder": "XYZ"
}
,
  "cuboids": [{
  "from": [-1.000000000, -2.500000000, -0.5000000000],
  "to": [1.000000000, 0.5000000000, 0.5000000000],
  "uvOrigin": [0, 0],
  "liftKind": "reference_java"
}
],
  "children": []
}
,{
  "id": "left_ear",
  "pose": {
  "translation": [2.000000000, -4.248400211, 1.945099950],
  "rotationEulerRad": [0.000000000, 0.000000000, 0.2617999911],
  "eulerOrder": "XYZ"
}
,
  "worldPose": {
  "translation": [0.9780765772, -0.4345390797, -4.350000381],
  "eulerOrder": "XYZ"
}
,
  "cuboids": [{
  "from": [-1.000000000, -2.500000000, -0.8000000119],
  "to": [1.000000000, 0.5000000000, 0.1999999881],
  "uvOrigin": [0, 0],
  "liftKind": "reference_java"
}
],
  "children": []
}
]
}
]
}
,{
  "id": "body",
  "pose": {
  "translation": [0.000000000, 12.50000000, 0.000000000],
  "rotationEulerRad": [0.000000000, 0.000000000, 0.000000000],
  "eulerOrder": "XYZ"
}
,
  "worldPose": {
  "translation": [0.000000000, 12.50000000, 0.000000000],
  "eulerOrder": "XYZ"
}
,
  "cuboids": [{
  "from": [-4.000000000, -3.500000000, -7.000000000],
  "to": [4.000000000, 3.500000000, 7.000000000],
  "uvOrigin": [0, 0],
  "liftKind": "reference_java"
}
],
  "children": [{
  "id": "tail",
  "pose": {
  "translation": [0.000000000, -1.000000000, 7.000000000],
  "rotationEulerRad": [-0.7418000102, 0.000000000, 0.000000000],
  "eulerOrder": "XYZ"
}
,
  "worldPose": {
  "translation": [0.000000000, 8.215670586, -1.445200920],
  "eulerOrder": "XYZ"
}
,
  "cuboids": [{
  "from": [-1.500000000, -1.500000000, -1.000000000],
  "to": [1.500000000, 1.500000000, 7.000000000],
  "uvOrigin": [0, 0],
  "liftKind": "reference_java"
}
],
  "children": []
}
]
}
,{
  "id": "left_front_leg",
  "pose": {
  "translation": [2.400000095, 16.00000000, -5.400000095],
  "rotationEulerRad": [0.000000000, 0.000000000, 0.000000000],
  "eulerOrder": "XYZ"
}
,
  "worldPose": {
  "translation": [2.400000095, 16.00000000, -5.400000095],
  "eulerOrder": "XYZ"
}
,
  "cuboids": [{
  "from": [-1.500000000, -1.000000000, -1.500000000],
  "to": [1.500000000, 8.000000000, 1.500000000],
  "uvOrigin": [0, 0],
  "liftKind": "reference_java"
}
],
  "children": []
}
]
}
],
  "renderCuboidCenters": [{
  "partId": "right_front_leg",
  "renderCenterTexel": [-2.400000095, 19.50000000, -5.400000095]
}
,{
  "partId": "right_hind_leg",
  "renderCenterTexel": [-2.400000095, 19.50000000, 5.400000095]
}
,{
  "partId": "left_hind_leg",
  "renderCenterTexel": [2.400000095, 19.50000000, 5.400000095]
}
,{
  "partId": "head_parts",
  "renderCenterTexel": [0.000000000, 8.361735344, -7.147209644]
}
,{
  "partId": "head",
  "renderCenterTexel": [0.000000000, 4.881011963, -12.63675213]
}
,{
  "partId": "right_ear",
  "renderCenterTexel": [-2.258819580, -0.002591490746, -11.35644436]
}
,{
  "partId": "left_ear",
  "renderCenterTexel": [2.258819580, -0.002648711205, -11.35636234]
}
,{
  "partId": "body",
  "renderCenterTexel": [0.000000000, 12.50000000, 0.000000000]
}
,{
  "partId": "tail",
  "renderCenterTexel": [0.000000000, 9.736644745, 9.427050591]
}
,{
  "partId": "left_front_leg",
  "renderCenterTexel": [2.400000095, 19.50000000, -5.400000095]
}

  ],
  "renderPartAffines": [{
  "id": "right_front_leg",
  "matrixRowMajor": [
    [1.000000000, 0.000000000, 0.000000000, 0.000000000],
    [0.000000000, 1.000000000, 0.000000000, 0.000000000],
    [0.000000000, 0.000000000, 1.000000000, 0.000000000],
    [-0.1500000060, 1.000000000, -0.3375000060, 1.000000000]
  ]
}
,{
  "id": "right_hind_leg",
  "matrixRowMajor": [
    [1.000000000, 0.000000000, 0.000000000, 0.000000000],
    [0.000000000, 1.000000000, 0.000000000, 0.000000000],
    [0.000000000, 0.000000000, 1.000000000, 0.000000000],
    [-0.1500000060, 1.000000000, 0.3375000060, 1.000000000]
  ]
}
,{
  "id": "left_hind_leg",
  "matrixRowMajor": [
    [1.000000000, 0.000000000, 0.000000000, 0.000000000],
    [0.000000000, 1.000000000, 0.000000000, 0.000000000],
    [0.000000000, 0.000000000, 1.000000000, 0.000000000],
    [0.1500000060, 1.000000000, 0.3375000060, 1.000000000]
  ]
}
,{
  "id": "head_parts",
  "matrixRowMajor": [
    [1.000000000, 0.000000000, 0.000000000, 0.000000000],
    [0.000000000, 0.8191321492, 0.5736048818, 0.000000000],
    [0.000000000, -0.5736048818, 0.8191321492, 0.000000000],
    [0.000000000, 0.6250000000, -0.3750000000, 1.000000000]
  ]
}
,{
  "id": "head",
  "matrixRowMajor": [
    [1.000000000, 0.000000000, 0.000000000, 0.000000000],
    [0.000000000, 0.8191321492, 0.5736048818, 0.000000000],
    [0.000000000, -0.5736048818, 0.8191321492, 0.000000000],
    [0.000000000, 0.3257631660, -0.6070595980, 1.000000000]
  ]
}
,{
  "id": "right_ear",
  "matrixRowMajor": [
    [0.9659256935, -0.2120074928, -0.1484602094, 0.000000000],
    [0.2588196397, 0.7912207842, 0.5540596843, 0.000000000],
    [0.000000000, -0.5736048818, 0.8191321492, 0.000000000],
    [-0.1250000000, 0.04928933084, -0.6751490235, 1.000000000]
  ]
}
,{
  "id": "left_ear",
  "matrixRowMajor": [
    [0.9659256935, 0.2120074928, 0.1484602094, 0.000000000],
    [-0.2588196397, 0.7912207842, 0.5540596843, 0.000000000],
    [0.000000000, -0.5736048818, 0.8191321492, 0.000000000],
    [0.1250000000, 0.03853066266, -0.6597851515, 1.000000000]
  ]
}
,{
  "id": "body",
  "matrixRowMajor": [
    [1.000000000, 0.000000000, 0.000000000, 0.000000000],
    [0.000000000, 1.000000000, 0.000000000, 0.000000000],
    [0.000000000, 0.000000000, 1.000000000, 0.000000000],
    [0.000000000, 0.7812500000, 0.000000000, 1.000000000]
  ]
}
,{
  "id": "tail",
  "matrixRowMajor": [
    [0.9999999404, 0.000000000, 0.000000000, 0.000000000],
    [0.000000000, 0.8090168834, 0.5877852440, 0.000000000],
    [0.000000000, -0.5877852440, 0.8090168834, 0.000000000],
    [0.000000000, 0.7187500000, 0.4375000000, 1.000000000]
  ]
}
,{
  "id": "left_front_leg",
  "matrixRowMajor": [
    [1.000000000, 0.000000000, 0.000000000, 0.000000000],
    [0.000000000, 1.000000000, 0.000000000, 0.000000000],
    [0.000000000, 0.000000000, 1.000000000, 0.000000000],
    [0.1500000060, 1.000000000, -0.3375000060, 1.000000000]
  ]
}

  ]
}
