{
  "schemaVersion": 2,
  "versionLabel": "26.1.2",
  "officialJvmName": "net.minecraft.client.model.animal.equine.AbstractEquineModel",
  "extractionStatus": "reference_java",
  "factoryMethod": "createBodyMesh",
  "meshHostJvmName": "net.minecraft.client.model.animal.equine.AbstractEquineModel",
  "roots": [{
  "id": "root",
  "pose": {
  "translation": [0.000000000, 0.000000000, 0.000000000],
  "rotationEulerRad": [0.000000000, 0.000000000, 0.000000000],
  "eulerOrder": "XYZ"
}
,
  "worldPose": {
  "translation": [0.000000000, 0.000000000, 0.000000000],
  "eulerOrder": "XYZ"
}
,
  "cuboids": [],
  "children": [{
  "id": "right_front_leg",
  "pose": {
  "translation": [-4.000000000, 14.00000000, -10.00000000],
  "rotationEulerRad": [0.000000000, 0.000000000, 0.000000000],
  "eulerOrder": "XYZ"
}
,
  "worldPose": {
  "translation": [-4.000000000, 14.00000000, -10.00000000],
  "eulerOrder": "XYZ"
}
,
  "cuboids": [{
  "from": [-1.000000000, -1.009999990, -1.899999976],
  "to": [3.000000000, 9.989999771, 2.099999905],
  "uvOrigin": [0, 0],
  "liftKind": "reference_java"
}
],
  "children": []
}
,{
  "id": "right_hind_leg",
  "pose": {
  "translation": [-4.000000000, 14.00000000, 7.000000000],
  "rotationEulerRad": [0.000000000, 0.000000000, 0.000000000],
  "eulerOrder": "XYZ"
}
,
  "worldPose": {
  "translation": [-4.000000000, 14.00000000, 7.000000000],
  "eulerOrder": "XYZ"
}
,
  "cuboids": [{
  "from": [-1.000000000, -1.009999990, -1.000000000],
  "to": [3.000000000, 9.989999771, 3.000000000],
  "uvOrigin": [0, 0],
  "liftKind": "reference_java"
}
],
  "children": []
}
,{
  "id": "head_parts",
  "pose": {
  "translation": [0.000000000, 4.000000000, -12.00000000],
  "rotationEulerRad": [0.5235987902, 0.000000000, 0.000000000],
  "eulerOrder": "XYZ"
}
,
  "worldPose": {
  "translation": [0.000000000, 4.000000000, -12.00000000],
  "eulerOrder": "XYZ"
}
,
  "cuboids": [{
  "from": [-2.049999952, -6.000000000, -2.000000000],
  "to": [1.950000048, 6.000000000, 5.000000000],
  "uvOrigin": [0, 0],
  "liftKind": "reference_java"
}
],
  "children": [{
  "id": "head",
  "pose": {
  "translation": [0.000000000, 0.000000000, 0.000000000],
  "rotationEulerRad": [0.000000000, 0.000000000, 0.000000000],
  "eulerOrder": "XYZ"
}
,
  "worldPose": {
  "translation": [0.000000000, 4.000000000, -12.00000000],
  "eulerOrder": "XYZ"
}
,
  "cuboids": [{
  "from": [-3.000000000, -11.00000000, -2.000000000],
  "to": [3.000000000, -6.000000000, 5.000000000],
  "uvOrigin": [0, 0],
  "liftKind": "reference_java"
}
],
  "children": [{
  "id": "right_ear",
  "pose": {
  "translation": [0.000000000, 0.000000000, 0.000000000],
  "rotationEulerRad": [0.000000000, 0.000000000, 0.000000000],
  "eulerOrder": "XYZ"
}
,
  "worldPose": {
  "translation": [0.000000000, 4.000000000, -12.00000000],
  "eulerOrder": "XYZ"
}
,
  "cuboids": [{
  "from": [-2.549999952, -13.00000000, 4.000000000],
  "to": [-0.5499999523, -10.00000000, 5.000000000],
  "uvOrigin": [0, 0],
  "liftKind": "reference_java"
}
],
  "children": []
}
,{
  "id": "left_ear",
  "pose": {
  "translation": [0.000000000, 0.000000000, 0.000000000],
  "rotationEulerRad": [0.000000000, 0.000000000, 0.000000000],
  "eulerOrder": "XYZ"
}
,
  "worldPose": {
  "translation": [0.000000000, 4.000000000, -12.00000000],
  "eulerOrder": "XYZ"
}
,
  "cuboids": [{
  "from": [0.5500000119, -13.00000000, 4.000000000],
  "to": [2.549999952, -10.00000000, 5.000000000],
  "uvOrigin": [0, 0],
  "liftKind": "reference_java"
}
],
  "children": []
}
]
}
,{
  "id": "mane",
  "pose": {
  "translation": [0.000000000, 0.000000000, 0.000000000],
  "rotationEulerRad": [0.000000000, 0.000000000, 0.000000000],
  "eulerOrder": "XYZ"
}
,
  "worldPose": {
  "translation": [0.000000000, 4.000000000, -12.00000000],
  "eulerOrder": "XYZ"
}
,
  "cuboids": [{
  "from": [-1.000000000, -11.00000000, 5.010000229],
  "to": [1.000000000, 5.000000000, 7.010000229],
  "uvOrigin": [0, 0],
  "liftKind": "reference_java"
}
],
  "children": []
}
,{
  "id": "upper_mouth",
  "pose": {
  "translation": [0.000000000, 0.000000000, 0.000000000],
  "rotationEulerRad": [0.000000000, 0.000000000, 0.000000000],
  "eulerOrder": "XYZ"
}
,
  "worldPose": {
  "translation": [0.000000000, 4.000000000, -12.00000000],
  "eulerOrder": "XYZ"
}
,
  "cuboids": [{
  "from": [-2.000000000, -11.00000000, -7.000000000],
  "to": [2.000000000, -6.000000000, -2.000000000],
  "uvOrigin": [0, 0],
  "liftKind": "reference_java"
}
],
  "children": []
}
]
}
,{
  "id": "left_hind_leg",
  "pose": {
  "translation": [4.000000000, 14.00000000, 7.000000000],
  "rotationEulerRad": [0.000000000, 0.000000000, 0.000000000],
  "eulerOrder": "XYZ"
}
,
  "worldPose": {
  "translation": [4.000000000, 14.00000000, 7.000000000],
  "eulerOrder": "XYZ"
}
,
  "cuboids": [{
  "from": [-3.000000000, -1.009999990, -1.000000000],
  "to": [1.000000000, 9.989999771, 3.000000000],
  "uvOrigin": [0, 0],
  "liftKind": "reference_java"
}
],
  "children": []
}
,{
  "id": "body",
  "pose": {
  "translation": [0.000000000, 11.00000000, 5.000000000],
  "rotationEulerRad": [0.000000000, 0.000000000, 0.000000000],
  "eulerOrder": "XYZ"
}
,
  "worldPose": {
  "translation": [0.000000000, 11.00000000, 5.000000000],
  "eulerOrder": "XYZ"
}
,
  "cuboids": [{
  "from": [-5.000000000, -8.000000000, -17.00000000],
  "to": [5.000000000, 2.000000000, 5.000000000],
  "uvOrigin": [0, 0],
  "liftKind": "reference_java"
}
],
  "children": [{
  "id": "tail",
  "pose": {
  "translation": [0.000000000, -5.000000000, 2.000000000],
  "rotationEulerRad": [0.5235987902, 0.000000000, 0.000000000],
  "eulerOrder": "XYZ"
}
,
  "worldPose": {
  "translation": [0.000000000, 2.026279449, 11.83012676],
  "eulerOrder": "XYZ"
}
,
  "cuboids": [{
  "from": [-1.500000000, 0.000000000, 0.000000000],
  "to": [1.500000000, 14.00000000, 4.000000000],
  "uvOrigin": [0, 0],
  "liftKind": "reference_java"
}
],
  "children": []
}
]
}
,{
  "id": "left_front_leg",
  "pose": {
  "translation": [4.000000000, 14.00000000, -10.00000000],
  "rotationEulerRad": [0.000000000, 0.000000000, 0.000000000],
  "eulerOrder": "XYZ"
}
,
  "worldPose": {
  "translation": [4.000000000, 14.00000000, -10.00000000],
  "eulerOrder": "XYZ"
}
,
  "cuboids": [{
  "from": [-3.000000000, -1.009999990, -1.899999976],
  "to": [1.000000000, 9.989999771, 2.099999905],
  "uvOrigin": [0, 0],
  "liftKind": "reference_java"
}
],
  "children": []
}
]
}
],
  "renderCuboidCenters": [{
  "partId": "right_front_leg",
  "renderCenterTexel": [-3.000000000, 18.48999977, -9.899999619]
}
,{
  "partId": "right_hind_leg",
  "renderCenterTexel": [-3.000000000, 18.48999977, 8.000000000]
}
,{
  "partId": "head_parts",
  "renderCenterTexel": [-0.04999994859, 3.250000000, -10.70096207]
}
,{
  "partId": "head",
  "renderCenterTexel": [0.000000000, -4.111215591, -14.95096207]
}
,{
  "partId": "right_ear",
  "renderCenterTexel": [-1.549999833, -8.209292412, -13.85288620]
}
,{
  "partId": "left_ear",
  "renderCenterTexel": [1.549999833, -8.209292412, -13.85288620]
}
,{
  "partId": "mane",
  "renderCenterTexel": [0.000000000, -1.603076220, -8.295186996]
}
,{
  "partId": "upper_mouth",
  "renderCenterTexel": [0.000000000, -1.111215591, -20.14711380]
}
,{
  "partId": "left_hind_leg",
  "renderCenterTexel": [3.000000000, 18.48999977, 8.000000000]
}
,{
  "partId": "body",
  "renderCenterTexel": [0.000000000, 8.000000000, -1.000000000]
}
,{
  "partId": "tail",
  "renderCenterTexel": [0.000000000, 10.48754787, 12.73253059]
}
,{
  "partId": "left_front_leg",
  "renderCenterTexel": [3.000000000, 18.48999977, -9.899999619]
}

  ],
  "renderPartAffines": [{
  "id": "right_front_leg",
  "matrixRowMajor": [
    [1.000000000, 0.000000000, 0.000000000, 0.000000000],
    [0.000000000, 1.000000000, 0.000000000, 0.000000000],
    [0.000000000, 0.000000000, 1.000000000, 0.000000000],
    [-0.2500000000, 0.8750000000, -0.6250000000, 1.000000000]
  ]
}
,{
  "id": "right_hind_leg",
  "matrixRowMajor": [
    [1.000000000, 0.000000000, 0.000000000, 0.000000000],
    [0.000000000, 1.000000000, 0.000000000, 0.000000000],
    [0.000000000, 0.000000000, 1.000000000, 0.000000000],
    [-0.2500000000, 0.8750000000, 0.4375000000, 1.000000000]
  ]
}
,{
  "id": "head_parts",
  "matrixRowMajor": [
    [0.9999999404, 0.000000000, 0.000000000, 0.000000000],
    [0.000000000, 0.8660253882, 0.5000000000, 0.000000000],
    [0.000000000, -0.5000000000, 0.8660253882, 0.000000000],
    [0.000000000, 0.2500000000, -0.7500000000, 1.000000000]
  ]
}
,{
  "id": "head",
  "matrixRowMajor": [
    [0.9999999404, 0.000000000, 0.000000000, 0.000000000],
    [0.000000000, 0.8660253882, 0.5000000000, 0.000000000],
    [0.000000000, -0.5000000000, 0.8660253882, 0.000000000],
    [0.000000000, 0.2500000000, -0.7500000000, 1.000000000]
  ]
}
,{
  "id": "right_ear",
  "matrixRowMajor": [
    [0.9999999404, 0.000000000, 0.000000000, 0.000000000],
    [0.000000000, 0.8660253882, 0.5000000000, 0.000000000],
    [0.000000000, -0.5000000000, 0.8660253882, 0.000000000],
    [0.000000000, 0.2500000000, -0.7500000000, 1.000000000]
  ]
}
,{
  "id": "left_ear",
  "matrixRowMajor": [
    [0.9999999404, 0.000000000, 0.000000000, 0.000000000],
    [0.000000000, 0.8660253882, 0.5000000000, 0.000000000],
    [0.000000000, -0.5000000000, 0.8660253882, 0.000000000],
    [0.000000000, 0.2500000000, -0.7500000000, 1.000000000]
  ]
}
,{
  "id": "mane",
  "matrixRowMajor": [
    [0.9999999404, 0.000000000, 0.000000000, 0.000000000],
    [0.000000000, 0.8660253882, 0.5000000000, 0.000000000],
    [0.000000000, -0.5000000000, 0.8660253882, 0.000000000],
    [0.000000000, 0.2500000000, -0.7500000000, 1.000000000]
  ]
}
,{
  "id": "upper_mouth",
  "matrixRowMajor": [
    [0.9999999404, 0.000000000, 0.000000000, 0.000000000],
    [0.000000000, 0.8660253882, 0.5000000000, 0.000000000],
    [0.000000000, -0.5000000000, 0.8660253882, 0.000000000],
    [0.000000000, 0.2500000000, -0.7500000000, 1.000000000]
  ]
}
,{
  "id": "left_hind_leg",
  "matrixRowMajor": [
    [1.000000000, 0.000000000, 0.000000000, 0.000000000],
    [0.000000000, 1.000000000, 0.000000000, 0.000000000],
    [0.000000000, 0.000000000, 1.000000000, 0.000000000],
    [0.2500000000, 0.8750000000, 0.4375000000, 1.000000000]
  ]
}
,{
  "id": "body",
  "matrixRowMajor": [
    [1.000000000, 0.000000000, 0.000000000, 0.000000000],
    [0.000000000, 1.000000000, 0.000000000, 0.000000000],
    [0.000000000, 0.000000000, 1.000000000, 0.000000000],
    [0.000000000, 0.6875000000, 0.3125000000, 1.000000000]
  ]
}
,{
  "id": "tail",
  "matrixRowMajor": [
    [0.9999999404, 0.000000000, 0.000000000, 0.000000000],
    [0.000000000, 0.8090168834, 0.5877852440, 0.000000000],
    [0.000000000, -0.5877852440, 0.8090168834, 0.000000000],
    [0.000000000, 0.3750000000, 0.4375000000, 1.000000000]
  ]
}
,{
  "id": "left_front_leg",
  "matrixRowMajor": [
    [1.000000000, 0.000000000, 0.000000000, 0.000000000],
    [0.000000000, 1.000000000, 0.000000000, 0.000000000],
    [0.000000000, 0.000000000, 1.000000000, 0.000000000],
    [0.2500000000, 0.8750000000, -0.6250000000, 1.000000000]
  ]
}

  ]
}
